        4  10  15  18  20  24  25  27  31  43  53  55  56  58  60  63  67  75 
1098    0   0   0   0   0   0   0   0   0   0   0   0   0   0   0   0   1   0
2378    0   0   0   0   1   0   0   0   0   0   0   0   0   0   0   0   0   0
2518    0   0   0   0   0   0   0   0   1   0   0   0   0   0   0   0   0   0
2600    0   0   0   0   0   1   0   0   0   0   0   0   0   0   0   0   0   0
5062    0   0   0   0   0   0   0   0   0   0   0   0   0   0   0   1   0   0
5144    0   0   0   0   0   0   0   1   0   0   0   0   0   0   0   0   0   0
5283    0   0   1   0   0   0   0   0   0   0   0   0   0   0   0   0   0   0
5785    0   0   0   0   0   0   0   0   0   0   0   0   0   0   1   0   0   0
6262    0   0   0   0   0   0   0   0   0   0   0   0   0   0   0   0   0   1
8319    0   0   0   0   0   0   0   0   0   0   1   0   0   0   0   0   0   0
9744    0   0   0   1   0   0   0   0   0   0   0   0   0   0   0   0   0   0
11994   0   1   0   0   0   0   0   0   0   0   0   0   0   0   0   0   0   0
12645   0   0   0   0   0   0   0   0   0   1   0   0   0   0   0   0   0   0
12673   0   0   0   0   0   0   0   0   0   0   0   1   0   0   0   0   0   0
12968   0   0   0   0   0   0   0   0   0   0   0   0   1   0   0   0   0   0
18494   0   0   0   0   0   0   0   0   0   0   0   0   0   1   0   0   0   0
19071   0   0   0   0   0   0   1   0   0   0   0   0   0   0   0   0   0   0
19433   1   0   0   0   0   0   0   0   0   0   0   0   0   0   0   0   0   0

       77  79  92  98 103 105 111 118 119 120 128 131 133 136 144 150 155 156 
148     0   0   0   0   0   0   0   0   0   0   0   0   0   0   1   0   0   0
2707    0   1   0   0   0   0   0   0   0   0   0   0   0   0   0   0   0   0
2834    0   0   0   0   0   0   0   0   0   1   0   0   0   0   0   0   0   0
4148    0   0   0   0   0   0   0   0   0   0   0   0   0   1   0   0   0   0
4398    1   0   0   0   0   0   0   0   0   0   0   0   0   0   0   0   0   0
4859    0   0   0   0   0   0   1   0   0   0   0   0   0   0   0   0   0   0
4939    0   0   0   0   0   0   0   0   0   0   0   0   0   0   0   1   0   0
6127    0   0   0   0   0   0   0   0   0   0   0   0   0   0   0   0   1   0
7092    0   0   0   0   0   0   0   0   0   0   0   0   1   0   0   0   0   0
8681    0   0   0   0   0   0   0   0   0   0   0   1   0   0   0   0   0   0
9434    0   0   0   0   0   0   0   0   1   0   0   0   0   0   0   0   0   0
16116   0   0   0   0   1   0   0   0   0   0   0   0   0   0   0   0   0   0
16392   0   0   1   0   0   0   0   0   0   0   0   0   0   0   0   0   0   0
17743   0   0   0   0   0   0   0   0   0   0   0   0   0   0   0   0   0   1
18085   0   0   0   0   0   0   0   0   0   0   1   0   0   0   0   0   0   0
18280   0   0   0   1   0   0   0   0   0   0   0   0   0   0   0   0   0   0
18544   0   0   0   0   0   1   0   0   0   0   0   0   0   0   0   0   0   0
19152   0   0   0   0   0   0   0   1   0   0   0   0   0   0   0   0   0   0

      160 163 175 184 188 194 196 199 201 202 204 205 210 225 226 227 228 234 
405     0   0   0   1   0   0   0   0   0   0   0   0   0   0   0   0   0   0
1603    0   0   0   0   0   0   0   1   0   0   0   0   0   0   0   0   0   0
1631    0   0   0   0   0   0   0   0   1   0   0   0   0   0   0   0   0   0
4751    0   0   0   0   0   1   0   0   0   0   0   0   0   0   0   0   0   0
5598    0   1   0   0   0   0   0   0   0   0   0   0   0   0   0   0   0   0
6351    0   0   0   0   0   0   0   0   0   0   0   0   1   0   0   0   0   0
6546    0   0   0   0   0   0   0   0   0   0   0   1   0   0   0   0   0   0
7579    0   0   1   0   0   0   0   0   0   0   0   0   0   0   0   0   0   0
8798    0   0   0   0   0   0   0   0   0   0   1   0   0   0   0   0   0   0
9763    0   0   0   0   0   0   0   0   0   0   0   0   0   0   0   0   1   0
12136   0   0   0   0   0   0   0   0   0   0   0   0   0   0   0   0   0   1
12152   1   0   0   0   0   0   0   0   0   0   0   0   0   0   0   0   0   0
13423   0   0   0   0   0   0   0   0   0   0   0   0   0   0   0   1   0   0
15654   0   0   0   0   0   0   0   0   0   0   0   0   0   1   0   0   0   0
16865   0   0   0   0   0   0   0   0   0   1   0   0   0   0   0   0   0   0
18720   0   0   0   0   0   0   0   0   0   0   0   0   0   0   1   0   0   0
18905   0   0   0   0   1   0   0   0   0   0   0   0   0   0   0   0   0   0
19159   0   0   0   0   0   0   1   0   0   0   0   0   0   0   0   0   0   0

      236 238 239 241 243 248 250 253 255 258 261 265 271 276 280 281 282 286 
108     0   0   0   0   0   0   0   0   0   0   0   0   0   0   0   0   1   0
349     0   0   0   0   0   0   0   0   0   0   0   0   0   0   0   0   0   1
719     0   0   0   0   0   0   0   0   0   0   0   0   0   0   0   1   0   0
840     0   0   1   0   0   0   0   0   0   0   0   0   0   0   0   0   0   0
1405    0   0   0   0   0   0   0   0   0   0   1   0   0   0   0   0   0   0
1414    0   0   0   0   0   0   0   0   0   1   0   0   0   0   0   0   0   0
3588    0   0   0   0   0   0   0   0   0   0   0   0   1   0   0   0   0   0
5235    0   0   0   0   0   0   1   0   0   0   0   0   0   0   0   0   0   0
5421    0   0   0   1   0   0   0   0   0   0   0   0   0   0   0   0   0   0
5645    0   0   0   0   0   0   0   0   0   0   0   0   0   0   1   0   0   0
6905    0   0   0   0   1   0   0   0   0   0   0   0   0   0   0   0   0   0
7149    0   0   0   0   0   0   0   0   0   0   0   1   0   0   0   0   0   0
8015    1   0   0   0   0   0   0   0   0   0   0   0   0   0   0   0   0   0
8853    0   1   0   0   0   0   0   0   0   0   0   0   0   0   0   0   0   0
9574    0   0   0   0   0   1   0   0   0   0   0   0   0   0   0   0   0   0
13386   0   0   0   0   0   0   0   1   0   0   0   0   0   0   0   0   0   0
13960   0   0   0   0   0   0   0   0   0   0   0   0   0   1   0   0   0   0
15726   0   0   0   0   0   0   0   0   1   0   0   0   0   0   0   0   0   0

      294 307 311 319 320 322 327 328 335 338 341 347 350 352 354 358 365 367 
365     0   0   0   0   0   0   0   0   0   0   0   0   1   0   0   0   0   0
1201    0   0   0   0   0   0   0   0   0   0   0   0   0   0   0   1   0   0
3049    0   0   0   0   0   0   0   0   0   1   0   0   0   0   0   0   0   0
3818    0   0   0   0   0   0   0   1   0   0   0   0   0   0   0   0   0   0
4268    0   0   0   0   0   0   1   0   0   0   0   0   0   0   0   0   0   0
4494    1   0   0   0   0   0   0   0   0   0   0   0   0   0   0   0   0   0
4760    0   0   0   0   0   0   0   0   0   0   0   0   0   0   0   0   0   1
5068    0   0   0   0   0   0   0   0   0   0   1   0   0   0   0   0   0   0
5821    0   0   0   0   0   0   0   0   0   0   0   0   0   0   0   0   1   0
7715    0   0   0   1   0   0   0   0   0   0   0   0   0   0   0   0   0   0
10222   0   0   0   0   0   0   0   0   1   0   0   0   0   0   0   0   0   0
10685   0   0   0   0   0   0   0   0   0   0   0   1   0   0   0   0   0   0
15475   0   0   0   0   0   0   0   0   0   0   0   0   0   0   1   0   0   0
15907   0   0   0   0   1   0   0   0   0   0   0   0   0   0   0   0   0   0
17118   0   0   1   0   0   0   0   0   0   0   0   0   0   0   0   0   0   0
18163   0   0   0   0   0   1   0   0   0   0   0   0   0   0   0   0   0   0
18600   0   1   0   0   0   0   0   0   0   0   0   0   0   0   0   0   0   0
19309   0   0   0   0   0   0   0   0   0   0   0   0   0   1   0   0   0   0

      375 378 379 385 386 393 394 401 402 404 413 420 423 426 435 436 449 455 
728     0   0   1   0   0   0   0   0   0   0   0   0   0   0   0   0   0   0
1543    0   0   0   0   0   0   0   0   0   0   0   1   0   0   0   0   0   0
2322    0   0   0   0   0   0   0   0   0   0   0   0   0   1   0   0   0   0
3650    0   0   0   1   0   0   0   0   0   0   0   0   0   0   0   0   0   0
6308    0   0   0   0   0   0   0   0   0   0   0   0   1   0   0   0   0   0
6315    0   0   0   0   0   0   0   0   0   0   0   0   0   0   0   0   0   1
7279    0   0   0   0   1   0   0   0   0   0   0   0   0   0   0   0   0   0
7962    1   0   0   0   0   0   0   0   0   0   0   0   0   0   0   0   0   0
8324    0   0   0   0   0   0   0   0   0   1   0   0   0   0   0   0   0   0
8428    0   0   0   0   0   0   0   0   0   0   1   0   0   0   0   0   0   0
8595    0   0   0   0   0   0   1   0   0   0   0   0   0   0   0   0   0   0
12766   0   0   0   0   0   1   0   0   0   0   0   0   0   0   0   0   0   0
13965   0   1   0   0   0   0   0   0   0   0   0   0   0   0   0   0   0   0
14298   0   0   0   0   0   0   0   0   1   0   0   0   0   0   0   0   0   0
15219   0   0   0   0   0   0   0   0   0   0   0   0   0   0   1   0   0   0
16890   0   0   0   0   0   0   0   1   0   0   0   0   0   0   0   0   0   0
18362   0   0   0   0   0   0   0   0   0   0   0   0   0   0   0   1   0   0
19362   0   0   0   0   0   0   0   0   0   0   0   0   0   0   0   0   1   0

      466 468 475 478 480 486 495 499 504 516 517 537 540 545 551 552 555 560 
897     0   0   0   0   0   0   0   0   0   0   0   1   0   0   0   0   0   0
930     1   0   0   0   0   0   0   0   0   0   0   0   0   0   0   0   0   0
1287    0   0   0   0   0   0   0   0   0   0   0   0   1   0   0   0   0   0
1878    0   0   0   0   0   0   0   0   0   0   0   0   0   0   0   1   0   0
2156    0   0   0   0   0   1   0   0   0   0   0   0   0   0   0   0   0   0
2992    0   0   0   0   0   0   0   0   0   0   1   0   0   0   0   0   0   0
5897    0   0   0   0   0   0   1   0   0   0   0   0   0   0   0   0   0   0
7575    0   0   0   1   0   0   0   0   0   0   0   0   0   0   0   0   0   0
10736   0   0   0   0   0   0   0   0   0   0   0   0   0   0   0   0   0   1
11412   0   0   0   0   1   0   0   0   0   0   0   0   0   0   0   0   0   0
12683   0   0   1   0   0   0   0   0   0   0   0   0   0   0   0   0   0   0
13225   0   0   0   0   0   0   0   1   0   0   0   0   0   0   0   0   0   0
16591   0   0   0   0   0   0   0   0   0   0   0   0   0   0   1   0   0   0
17630   0   0   0   0   0   0   0   0   1   0   0   0   0   0   0   0   0   0
17982   0   0   0   0   0   0   0   0   0   0   0   0   0   0   0   0   1   0
18132   0   0   0   0   0   0   0   0   0   1   0   0   0   0   0   0   0   0
18205   0   0   0   0   0   0   0   0   0   0   0   0   0   1   0   0   0   0
19351   0   1   0   0   0   0   0   0   0   0   0   0   0   0   0   0   0   0

      562 575 585 590 591 593 619 620 622 626 628 635 637 645 649 652 653 654 
1347    0   0   0   0   0   0   0   0   0   0   0   0   0   1   0   0   0   0
3413    0   0   0   0   0   0   0   0   0   0   0   0   0   0   0   1   0   0
3770    0   0   0   0   1   0   0   0   0   0   0   0   0   0   0   0   0   0
7102    0   0   0   0   0   0   0   0   0   0   0   0   0   0   0   0   1   0
7489    0   0   0   1   0   0   0   0   0   0   0   0   0   0   0   0   0   0
8498    0   0   0   0   0   0   0   0   0   0   0   1   0   0   0   0   0   0
8625    0   0   0   0   0   0   0   0   0   0   0   0   0   0   1   0   0   0
8992    0   0   1   0   0   0   0   0   0   0   0   0   0   0   0   0   0   0
9612    0   0   0   0   0   0   0   1   0   0   0   0   0   0   0   0   0   0
11339   0   1   0   0   0   0   0   0   0   0   0   0   0   0   0   0   0   0
11421   0   0   0   0   0   0   1   0   0   0   0   0   0   0   0   0   0   0
13464   0   0   0   0   0   0   0   0   0   1   0   0   0   0   0   0   0   0
13923   0   0   0   0   0   0   0   0   0   0   1   0   0   0   0   0   0   0
17973   0   0   0   0   0   0   0   0   1   0   0   0   0   0   0   0   0   0
18328   0   0   0   0   0   0   0   0   0   0   0   0   0   0   0   0   0   1
18990   0   0   0   0   0   0   0   0   0   0   0   0   1   0   0   0   0   0
19412   1   0   0   0   0   0   0   0   0   0   0   0   0   0   0   0   0   0
19639   0   0   0   0   0   1   0   0   0   0   0   0   0   0   0   0   0   0

      662 668 670 678 691 697 705 714 715 717 723 724 729 735 738 751 757 762 
132     0   0   0   0   0   0   1   0   0   0   0   0   0   0   0   0   0   0
394     1   0   0   0   0   0   0   0   0   0   0   0   0   0   0   0   0   0
891     0   0   0   0   0   0   0   0   0   0   0   0   1   0   0   0   0   0
2393    0   0   1   0   0   0   0   0   0   0   0   0   0   0   0   0   0   0
2716    0   0   0   0   0   0   0   0   0   0   0   0   0   0   0   0   0   1
5692    0   0   0   0   0   1   0   0   0   0   0   0   0   0   0   0   0   0
6422    0   0   0   0   0   0   0   0   0   0   0   0   0   0   0   1   0   0
7836    0   0   0   1   0   0   0   0   0   0   0   0   0   0   0   0   0   0
11871   0   0   0   0   0   0   0   0   0   0   0   0   0   1   0   0   0   0
12964   0   0   0   0   0   0   0   0   0   1   0   0   0   0   0   0   0   0
14887   0   0   0   0   0   0   0   0   0   0   0   0   0   0   0   0   1   0
14933   0   1   0   0   0   0   0   0   0   0   0   0   0   0   0   0   0   0
16919   0   0   0   0   1   0   0   0   0   0   0   0   0   0   0   0   0   0
16923   0   0   0   0   0   0   0   0   0   0   1   0   0   0   0   0   0   0
17363   0   0   0   0   0   0   0   0   0   0   0   1   0   0   0   0   0   0
17913   0   0   0   0   0   0   0   0   1   0   0   0   0   0   0   0   0   0
18368   0   0   0   0   0   0   0   1   0   0   0   0   0   0   0   0   0   0
18853   0   0   0   0   0   0   0   0   0   0   0   0   0   0   1   0   0   0

      765 769 782 788 794 795 802 811 816 825 829 830 842 843 845 846 855 856 
520     0   0   1   0   0   0   0   0   0   0   0   0   0   0   0   0   0   0
4768    1   0   0   0   0   0   0   0   0   0   0   0   0   0   0   0   0   0
4908    0   0   0   1   0   0   0   0   0   0   0   0   0   0   0   0   0   0
5565    0   0   0   0   0   0   0   0   0   0   0   0   0   1   0   0   0   0
5795    0   0   0   0   0   0   0   0   0   0   0   0   0   0   0   0   1   0
7267    0   0   0   0   0   0   0   1   0   0   0   0   0   0   0   0   0   0
7376    0   0   0   0   0   0   0   0   0   0   0   0   0   0   0   1   0   0
9333    0   0   0   0   0   0   0   0   0   0   1   0   0   0   0   0   0   0
9790    0   0   0   0   0   0   0   0   0   0   0   0   0   0   0   0   0   1
10260   0   1   0   0   0   0   0   0   0   0   0   0   0   0   0   0   0   0
10302   0   0   0   0   1   0   0   0   0   0   0   0   0   0   0   0   0   0
10871   0   0   0   0   0   0   0   0   0   0   0   0   0   0   1   0   0   0
10977   0   0   0   0   0   0   0   0   0   0   0   1   0   0   0   0   0   0
12180   0   0   0   0   0   1   0   0   0   0   0   0   0   0   0   0   0   0
14829   0   0   0   0   0   0   0   0   0   0   0   0   1   0   0   0   0   0
17709   0   0   0   0   0   0   0   0   0   1   0   0   0   0   0   0   0   0
18797   0   0   0   0   0   0   1   0   0   0   0   0   0   0   0   0   0   0
19248   0   0   0   0   0   0   0   0   1   0   0   0   0   0   0   0   0   0

      857 859 863 869 870 872 876 884 886 888 889 890 915 917 925 931 933 936 
411     1   0   0   0   0   0   0   0   0   0   0   0   0   0   0   0   0   0
2918    0   0   0   0   0   0   0   1   0   0   0   0   0   0   0   0   0   0
3507    0   0   0   0   0   0   0   0   0   0   0   0   0   0   0   1   0   0
4557    0   1   0   0   0   0   0   0   0   0   0   0   0   0   0   0   0   0
6400    0   0   0   0   0   0   0   0   0   0   0   0   1   0   0   0   0   0
6435    0   0   1   0   0   0   0   0   0   0   0   0   0   0   0   0   0   0
6900    0   0   0   1   0   0   0   0   0   0   0   0   0   0   0   0   0   0
6971    0   0   0   0   0   0   0   0   0   0   0   0   0   1   0   0   0   0
7144    0   0   0   0   0   0   0   0   0   0   0   0   0   0   1   0   0   0
7669    0   0   0   0   0   0   0   0   0   0   0   0   0   0   0   0   0   1
7694    0   0   0   0   0   0   1   0   0   0   0   0   0   0   0   0   0   0
8340    0   0   0   0   0   0   0   0   0   1   0   0   0   0   0   0   0   0
8360    0   0   0   0   1   0   0   0   0   0   0   0   0   0   0   0   0   0
8758    0   0   0   0   0   1   0   0   0   0   0   0   0   0   0   0   0   0
9067    0   0   0   0   0   0   0   0   0   0   0   0   0   0   0   0   1   0
11393   0   0   0   0   0   0   0   0   0   0   0   1   0   0   0   0   0   0
16663   0   0   0   0   0   0   0   0   1   0   0   0   0   0   0   0   0   0
17778   0   0   0   0   0   0   0   0   0   0   1   0   0   0   0   0   0   0

      940 945 949 950 952 957 958 965 967 968 970 971 972 973 975 981 986 993 
355     0   0   0   0   0   0   0   0   0   1   0   0   0   0   0   0   0   0
2116    0   0   0   0   0   0   0   0   0   0   1   0   0   0   0   0   0   0
4037    0   0   0   0   0   1   0   0   0   0   0   0   0   0   0   0   0   0
4877    0   0   0   0   0   0   0   0   0   0   0   0   0   1   0   0   0   0
5595    0   0   0   0   0   0   0   0   0   0   0   0   1   0   0   0   0   0
5813    0   0   0   0   0   0   0   0   0   0   0   0   0   0   0   0   0   1
6395    0   0   0   0   0   0   0   0   0   0   0   0   0   0   0   1   0   0
6930    0   1   0   0   0   0   0   0   0   0   0   0   0   0   0   0   0   0
8302    0   0   1   0   0   0   0   0   0   0   0   0   0   0   0   0   0   0
9158    0   0   0   1   0   0   0   0   0   0   0   0   0   0   0   0   0   0
9258    0   0   0   0   1   0   0   0   0   0   0   0   0   0   0   0   0   0
9803    0   0   0   0   0   0   0   0   0   0   0   0   0   0   0   0   1   0
11298   0   0   0   0   0   0   0   1   0   0   0   0   0   0   0   0   0   0
13246   0   0   0   0   0   0   0   0   1   0   0   0   0   0   0   0   0   0
15613   1   0   0   0   0   0   0   0   0   0   0   0   0   0   0   0   0   0
17450   0   0   0   0   0   0   1   0   0   0   0   0   0   0   0   0   0   0
17624   0   0   0   0   0   0   0   0   0   0   0   0   0   0   1   0   0   0
18817   0   0   0   0   0   0   0   0   0   0   0   1   0   0   0   0   0   0

      997    
8530    1
;

