z [*,*]
:       2  10  18  20  24  27  28  29  33  35  41  42  44  50  55  56  58  59 :=
92      0   0   0   1   0   0   0   0   0   0   0   0   0   0   0   0   0   0
99      0   0   0   0   0   0   0   0   0   0   0   0   0   0   0   0   0   1
126     0   0   1   0   0   0   0   0   0   0   0   0   0   0   0   0   0   0
1475    0   0   0   0   0   1   0   0   0   0   0   0   0   0   0   0   0   0
2378    0   0   0   0   0   0   0   0   0   0   1   0   0   0   0   0   0   0
2774    0   0   0   0   0   0   1   0   0   0   0   0   0   0   0   0   0   0
3721    0   0   0   0   0   0   0   0   1   0   0   0   0   0   0   0   0   0
5151    0   0   0   0   0   0   0   0   0   0   0   1   0   0   0   0   0   0
6578    0   0   0   0   0   0   0   1   0   0   0   0   0   0   0   0   0   0
7871    0   1   0   0   0   0   0   0   0   0   0   0   0   0   0   0   0   0
8790    0   0   0   0   1   0   0   0   0   0   0   0   0   0   0   0   0   0
9285    0   0   0   0   0   0   0   0   0   0   0   0   0   1   0   0   0   0
9916    1   0   0   0   0   0   0   0   0   0   0   0   0   0   0   0   0   0
12998   0   0   0   0   0   0   0   0   0   1   0   0   0   0   0   0   0   0
15180   0   0   0   0   0   0   0   0   0   0   0   0   0   0   0   0   1   0
15353   0   0   0   0   0   0   0   0   0   0   0   0   0   0   1   0   0   0
15585   0   0   0   0   0   0   0   0   0   0   0   0   1   0   0   0   0   0
15991   0   0   0   0   0   0   0   0   0   0   0   0   0   0   0   1   0   0

:      60  63  69  72  74  77  91  92  94  95  98 103 115 119 120 128 147 155 :=
694     0   0   0   0   0   0   0   0   0   0   0   0   1   0   0   0   0   0
1273    0   0   0   0   0   0   0   0   0   0   0   0   0   0   0   0   1   0
1781    0   1   0   0   0   0   0   0   0   0   0   0   0   0   0   0   0   0
3445    0   0   0   0   0   0   0   0   0   1   0   0   0   0   0   0   0   0
3597    0   0   0   0   0   1   0   0   0   0   0   0   0   0   0   0   0   0
4036    0   0   0   0   0   0   0   0   0   0   0   1   0   0   0   0   0   0
5878    0   0   0   0   0   0   0   1   0   0   0   0   0   0   0   0   0   0
6593    0   0   0   0   0   0   0   0   0   0   0   0   0   0   0   1   0   0
9419    0   0   0   0   0   0   0   0   0   0   0   0   0   1   0   0   0   0
10240   0   0   0   0   0   0   0   0   1   0   0   0   0   0   0   0   0   0
10621   0   0   0   0   0   0   1   0   0   0   0   0   0   0   0   0   0   0
13960   0   0   0   0   0   0   0   0   0   0   1   0   0   0   0   0   0   0
14097   0   0   1   0   0   0   0   0   0   0   0   0   0   0   0   0   0   0
16120   0   0   0   0   1   0   0   0   0   0   0   0   0   0   0   0   0   0
17059   1   0   0   0   0   0   0   0   0   0   0   0   0   0   0   0   0   0
18569   0   0   0   0   0   0   0   0   0   0   0   0   0   0   1   0   0   0
18729   0   0   0   0   0   0   0   0   0   0   0   0   0   0   0   0   0   1
19283   0   0   0   1   0   0   0   0   0   0   0   0   0   0   0   0   0   0

:     156 157 162 163 174 175 181 186 188 192 193 194 195 196 198 199 202 204 :=
32      0   0   0   0   0   0   0   0   0   0   1   0   0   0   0   0   0   0
252     0   0   0   0   0   1   0   0   0   0   0   0   0   0   0   0   0   0
897     1   0   0   0   0   0   0   0   0   0   0   0   0   0   0   0   0   0
2500    0   0   0   0   0   0   0   0   0   0   0   0   0   0   1   0   0   0
2559    0   0   0   0   0   0   0   0   0   0   0   0   1   0   0   0   0   0
2763    0   0   0   0   1   0   0   0   0   0   0   0   0   0   0   0   0   0
4018    0   0   0   0   0   0   0   0   0   0   0   1   0   0   0   0   0   0
8843    0   0   1   0   0   0   0   0   0   0   0   0   0   0   0   0   0   0
9774    0   0   0   0   0   0   0   0   0   0   0   0   0   0   0   1   0   0
10991   0   0   0   0   0   0   0   0   1   0   0   0   0   0   0   0   0   0
12782   0   0   0   0   0   0   0   0   0   0   0   0   0   0   0   0   0   1
13246   0   0   0   1   0   0   0   0   0   0   0   0   0   0   0   0   0   0
15375   0   0   0   0   0   0   1   0   0   0   0   0   0   0   0   0   0   0
16865   0   0   0   0   0   0   0   0   0   0   0   0   0   0   0   0   1   0
17475   0   1   0   0   0   0   0   0   0   0   0   0   0   0   0   0   0   0
17494   0   0   0   0   0   0   0   0   0   1   0   0   0   0   0   0   0   0
17860   0   0   0   0   0   0   0   1   0   0   0   0   0   0   0   0   0   0
19645   0   0   0   0   0   0   0   0   0   0   0   0   0   1   0   0   0   0

:     225 227 228 229 234 238 241 248 250 252 253 255 258 260 274 276 280 281 :=
98      0   0   0   0   0   0   0   0   0   0   0   0   0   0   1   0   0   0
245     0   0   0   0   0   0   0   1   0   0   0   0   0   0   0   0   0   0
719     0   0   0   0   0   0   0   0   0   0   0   1   0   0   0   0   0   0
1009    0   0   0   0   0   0   0   0   0   0   0   0   0   0   0   0   0   1
2123    0   1   0   0   0   0   0   0   0   0   0   0   0   0   0   0   0   0
2578    0   0   0   0   0   0   0   0   0   0   0   0   0   0   0   1   0   0
3639    0   0   0   0   0   0   0   0   1   0   0   0   0   0   0   0   0   0
4067    0   0   0   0   0   0   0   0   0   0   0   0   0   0   0   0   1   0
4093    0   0   0   0   0   0   0   0   0   1   0   0   0   0   0   0   0   0
6329    0   0   1   0   0   0   0   0   0   0   0   0   0   0   0   0   0   0
6769    0   0   0   0   1   0   0   0   0   0   0   0   0   0   0   0   0   0
7176    1   0   0   0   0   0   0   0   0   0   0   0   0   0   0   0   0   0
9013    0   0   0   0   0   0   0   0   0   0   1   0   0   0   0   0   0   0
9269    0   0   0   0   0   0   0   0   0   0   0   0   0   1   0   0   0   0
11300   0   0   0   0   0   0   0   0   0   0   0   0   1   0   0   0   0   0
13759   0   0   0   0   0   1   0   0   0   0   0   0   0   0   0   0   0   0
15462   0   0   0   1   0   0   0   0   0   0   0   0   0   0   0   0   0   0
18587   0   0   0   0   0   0   1   0   0   0   0   0   0   0   0   0   0   0

:     282 294 300 303 311 319 321 325 328 335 341 349 352 354 377 382 385 393 :=
683     0   0   1   0   0   0   0   0   0   0   0   0   0   0   0   0   0   0
733     0   0   0   0   0   0   1   0   0   0   0   0   0   0   0   0   0   0
1239    0   0   0   0   1   0   0   0   0   0   0   0   0   0   0   0   0   0
3176    0   0   0   0   0   0   0   0   0   0   0   0   1   0   0   0   0   0
5061    0   0   0   0   0   0   0   0   0   0   1   0   0   0   0   0   0   0
6952    0   1   0   0   0   0   0   0   0   0   0   0   0   0   0   0   0   0
7045    1   0   0   0   0   0   0   0   0   0   0   0   0   0   0   0   0   0
7144    0   0   0   0   0   0   0   0   0   1   0   0   0   0   0   0   0   0
8592    0   0   0   0   0   0   0   0   0   0   0   1   0   0   0   0   0   0
9291    0   0   0   1   0   0   0   0   0   0   0   0   0   0   0   0   0   0
9418    0   0   0   0   0   0   0   0   0   0   0   0   0   0   0   0   1   0
10554   0   0   0   0   0   0   0   0   1   0   0   0   0   0   0   0   0   0
10985   0   0   0   0   0   1   0   0   0   0   0   0   0   0   0   0   0   0
12103   0   0   0   0   0   0   0   0   0   0   0   0   0   0   1   0   0   0
12142   0   0   0   0   0   0   0   0   0   0   0   0   0   1   0   0   0   0
13092   0   0   0   0   0   0   0   0   0   0   0   0   0   0   0   0   0   1
17839   0   0   0   0   0   0   0   0   0   0   0   0   0   0   0   1   0   0
19705   0   0   0   0   0   0   0   1   0   0   0   0   0   0   0   0   0   0

:     394 398 401 402 405 411 413 418 420 445 447 449 480 483 495 502 515 517 :=
52      0   0   0   0   0   0   1   0   0   0   0   0   0   0   0   0   0   0
512     0   0   0   0   0   0   0   0   0   0   0   0   0   0   1   0   0   0
521     0   0   0   0   0   0   0   0   0   0   0   0   1   0   0   0   0   0
1209    0   0   0   0   0   0   0   0   1   0   0   0   0   0   0   0   0   0
3085    0   0   0   0   0   1   0   0   0   0   0   0   0   0   0   0   0   0
3588    0   0   1   0   0   0   0   0   0   0   0   0   0   0   0   0   0   0
3702    0   0   0   0   1   0   0   0   0   0   0   0   0   0   0   0   0   0
3944    0   0   0   0   0   0   0   0   0   0   0   0   0   0   0   0   1   0
6261    0   1   0   0   0   0   0   0   0   0   0   0   0   0   0   0   0   0
9631    0   0   0   0   0   0   0   0   0   0   0   0   0   1   0   0   0   0
10014   0   0   0   0   0   0   0   0   0   0   1   0   0   0   0   0   0   0
10055   0   0   0   1   0   0   0   0   0   0   0   0   0   0   0   0   0   0
10641   0   0   0   0   0   0   0   0   0   0   0   0   0   0   0   1   0   0
12427   1   0   0   0   0   0   0   0   0   0   0   0   0   0   0   0   0   0
15734   0   0   0   0   0   0   0   0   0   1   0   0   0   0   0   0   0   0
17298   0   0   0   0   0   0   0   0   0   0   0   0   0   0   0   0   0   1
17996   0   0   0   0   0   0   0   0   0   0   0   1   0   0   0   0   0   0
18600   0   0   0   0   0   0   0   1   0   0   0   0   0   0   0   0   0   0

:     526 530 537 539 540 550 551 560 580 583 603 610 611 620 622 628 633 645 :=
520     0   0   0   0   0   0   0   0   1   0   0   0   0   0   0   0   0   0
1178    0   0   0   0   0   0   0   1   0   0   0   0   0   0   0   0   0   0
1672    0   0   1   0   0   0   0   0   0   0   0   0   0   0   0   0   0   0
2421    0   0   0   1   0   0   0   0   0   0   0   0   0   0   0   0   0   0
4186    0   0   0   0   0   0   0   0   0   0   0   0   0   0   0   0   1   0
4457    0   1   0   0   0   0   0   0   0   0   0   0   0   0   0   0   0   0
5430    0   0   0   0   0   0   0   0   0   0   1   0   0   0   0   0   0   0
5525    0   0   0   0   0   1   0   0   0   0   0   0   0   0   0   0   0   0
7660    0   0   0   0   0   0   1   0   0   0   0   0   0   0   0   0   0   0
7690    0   0   0   0   0   0   0   0   0   0   0   0   0   1   0   0   0   0
8636    0   0   0   0   0   0   0   0   0   1   0   0   0   0   0   0   0   0
8858    0   0   0   0   0   0   0   0   0   0   0   1   0   0   0   0   0   0
9477    1   0   0   0   0   0   0   0   0   0   0   0   0   0   0   0   0   0
16594   0   0   0   0   0   0   0   0   0   0   0   0   0   0   1   0   0   0
17601   0   0   0   0   0   0   0   0   0   0   0   0   0   0   0   0   0   1
17943   0   0   0   0   0   0   0   0   0   0   0   0   0   0   0   1   0   0
18000   0   0   0   0   1   0   0   0   0   0   0   0   0   0   0   0   0   0
18488   0   0   0   0   0   0   0   0   0   0   0   0   1   0   0   0   0   0

:     651 652 653 657 662 668 669 678 695 700 702 706 714 717 724 729 734 740 :=
615     0   0   0   0   0   0   0   0   0   0   0   0   0   0   0   0   1   0
891     0   0   0   0   0   0   0   0   0   0   0   0   0   0   0   1   0   0
1100    0   0   0   1   0   0   0   0   0   0   0   0   0   0   0   0   0   0
1497    0   0   0   0   1   0   0   0   0   0   0   0   0   0   0   0   0   0
2226    0   0   0   0   0   0   1   0   0   0   0   0   0   0   0   0   0   0
2552    0   0   0   0   0   0   0   0   0   0   0   0   0   1   0   0   0   0
5093    0   0   0   0   0   0   0   1   0   0   0   0   0   0   0   0   0   0
8949    1   0   0   0   0   0   0   0   0   0   0   0   0   0   0   0   0   0
9572    0   0   1   0   0   0   0   0   0   0   0   0   0   0   0   0   0   0
9699    0   0   0   0   0   0   0   0   0   0   0   0   1   0   0   0   0   0
12817   0   0   0   0   0   0   0   0   0   1   0   0   0   0   0   0   0   0
13597   0   0   0   0   0   0   0   0   1   0   0   0   0   0   0   0   0   0
14253   0   0   0   0   0   0   0   0   0   0   0   1   0   0   0   0   0   0
14656   0   1   0   0   0   0   0   0   0   0   0   0   0   0   0   0   0   0
16313   0   0   0   0   0   1   0   0   0   0   0   0   0   0   0   0   0   0
18029   0   0   0   0   0   0   0   0   0   0   0   0   0   0   0   0   0   1
18265   0   0   0   0   0   0   0   0   0   0   0   0   0   0   1   0   0   0
19057   0   0   0   0   0   0   0   0   0   0   1   0   0   0   0   0   0   0

:     743 751 755 757 762 765 776 779 782 784 788 794 799 801 802 804 812 816 :=
166     0   0   0   0   0   0   0   0   0   1   0   0   0   0   0   0   0   0
649     0   0   0   0   0   0   0   0   0   0   0   0   0   0   0   1   0   0
1172    0   0   0   0   0   0   0   0   0   0   0   0   0   0   0   0   1   0
2188    0   0   0   0   0   0   0   0   1   0   0   0   0   0   0   0   0   0
2650    0   0   0   1   0   0   0   0   0   0   0   0   0   0   0   0   0   0
4375    0   0   0   0   0   0   0   1   0   0   0   0   0   0   0   0   0   0
4875    0   0   0   0   0   0   0   0   0   0   0   0   1   0   0   0   0   0
5637    1   0   0   0   0   0   0   0   0   0   0   0   0   0   0   0   0   0
5734    0   0   0   0   0   0   0   0   0   0   0   1   0   0   0   0   0   0
5880    0   0   0   0   0   1   0   0   0   0   0   0   0   0   0   0   0   0
6462    0   0   0   0   1   0   0   0   0   0   0   0   0   0   0   0   0   0
14586   0   1   0   0   0   0   0   0   0   0   0   0   0   0   0   0   0   0
14939   0   0   0   0   0   0   1   0   0   0   0   0   0   0   0   0   0   0
18242   0   0   0   0   0   0   0   0   0   0   0   0   0   0   0   0   0   1
19140   0   0   0   0   0   0   0   0   0   0   0   0   0   1   0   0   0   0
19179   0   0   0   0   0   0   0   0   0   0   0   0   0   0   1   0   0   0
19441   0   0   1   0   0   0   0   0   0   0   0   0   0   0   0   0   0   0
19716   0   0   0   0   0   0   0   0   0   0   1   0   0   0   0   0   0   0

:     819 825 830 837 842 845 846 855 859 860 868 869 870 871 872 874 884 886 :=
643     0   0   0   0   0   0   0   0   0   0   1   0   0   0   0   0   0   0
4106    0   0   0   0   0   0   0   1   0   0   0   0   0   0   0   0   0   0
4127    0   0   0   0   0   0   0   0   0   1   0   0   0   0   0   0   0   0
4820    0   0   0   0   0   0   0   0   0   0   0   0   0   0   0   0   1   0
5112    0   0   1   0   0   0   0   0   0   0   0   0   0   0   0   0   0   0
5469    0   0   0   0   0   0   0   0   0   0   0   0   0   0   1   0   0   0
5766    0   0   0   0   0   0   0   0   0   0   0   1   0   0   0   0   0   0
8270    0   0   0   0   0   0   0   0   0   0   0   0   0   1   0   0   0   0
9603    0   0   0   0   0   0   0   0   0   0   0   0   0   0   0   1   0   0
11515   0   0   0   0   0   0   1   0   0   0   0   0   0   0   0   0   0   0
13007   0   1   0   0   0   0   0   0   0   0   0   0   0   0   0   0   0   0
14121   0   0   0   0   0   0   0   0   0   0   0   0   1   0   0   0   0   0
15272   0   0   0   0   1   0   0   0   0   0   0   0   0   0   0   0   0   0
15729   0   0   0   1   0   0   0   0   0   0   0   0   0   0   0   0   0   0
17068   0   0   0   0   0   0   0   0   0   0   0   0   0   0   0   0   0   1
17579   0   0   0   0   0   1   0   0   0   0   0   0   0   0   0   0   0   0
17832   1   0   0   0   0   0   0   0   0   0   0   0   0   0   0   0   0   0
19248   0   0   0   0   0   0   0   0   1   0   0   0   0   0   0   0   0   0

:     889 890 894 905 906 907 908 911 915 917 924 928 933 952 957 965 967 968 :=
426     0   0   0   0   0   0   0   0   0   0   0   0   0   0   0   0   0   1
1220    0   0   0   0   0   0   0   0   1   0   0   0   0   0   0   0   0   0
2740    0   0   0   0   0   0   0   0   0   0   1   0   0   0   0   0   0   0
4760    0   0   0   0   0   0   0   0   0   0   0   1   0   0   0   0   0   0
5083    0   1   0   0   0   0   0   0   0   0   0   0   0   0   0   0   0   0
5165    0   0   0   0   0   0   0   1   0   0   0   0   0   0   0   0   0   0
7024    0   0   1   0   0   0   0   0   0   0   0   0   0   0   0   0   0   0
7682    1   0   0   0   0   0   0   0   0   0   0   0   0   0   0   0   0   0
10011   0   0   0   0   0   0   0   0   0   0   0   0   0   0   0   0   1   0
10254   0   0   0   0   0   0   0   0   0   0   0   0   1   0   0   0   0   0
10271   0   0   0   0   0   0   0   0   0   0   0   0   0   0   1   0   0   0
11789   0   0   0   1   0   0   0   0   0   0   0   0   0   0   0   0   0   0
12092   0   0   0   0   0   0   0   0   0   0   0   0   0   1   0   0   0   0
12228   0   0   0   0   1   0   0   0   0   0   0   0   0   0   0   0   0   0
12901   0   0   0   0   0   1   0   0   0   0   0   0   0   0   0   0   0   0
16137   0   0   0   0   0   0   0   0   0   0   0   0   0   0   0   1   0   0
16708   0   0   0   0   0   0   0   0   0   1   0   0   0   0   0   0   0   0
19629   0   0   0   0   0   0   1   0   0   0   0   0   0   0   0   0   0   0

:     970 972 973 984 986 991 997    :=
6803    0   0   0   1   0   0   0
10444   0   0   0   0   0   1   0
11060   1   0   0   0   0   0   0
14933   0   0   0   0   0   0   1
17243   0   0   0   0   1   0   0
17752   0   0   1   0   0   0   0
18817   0   1   0   0   0   0   0
;

z [*,*]
:       2   4  10  15  18  20  24  27  31  33  35  38  41  42  43  44  50  55 :=
2213    0   1   0   0   0   0   0   0   0   0   0   0   0   0   0   0   0   0
2888    0   0   0   0   0   0   0   0   0   0   0   0   0   0   0   0   0   1
3459    0   0   0   0   0   0   0   1   0   0   0   0   0   0   0   0   0   0
3481    0   0   0   0   0   0   0   0   0   0   0   0   0   0   0   1   0   0
3588    0   0   0   0   0   0   0   0   0   1   0   0   0   0   0   0   0   0
3754    0   0   0   0   1   0   0   0   0   0   0   0   0   0   0   0   0   0
4832    0   0   1   0   0   0   0   0   0   0   0   0   0   0   0   0   0   0
4873    0   0   0   1   0   0   0   0   0   0   0   0   0   0   0   0   0   0
6402    1   0   0   0   0   0   0   0   0   0   0   0   0   0   0   0   0   0
6519    0   0   0   0   0   0   0   0   0   0   0   0   0   0   1   0   0   0
6731    0   0   0   0   0   0   0   0   0   0   0   0   1   0   0   0   0   0
7589    0   0   0   0   0   0   0   0   0   0   1   0   0   0   0   0   0   0
8360    0   0   0   0   0   0   0   0   0   0   0   1   0   0   0   0   0   0
11399   0   0   0   0   0   1   0   0   0   0   0   0   0   0   0   0   0   0
12246   0   0   0   0   0   0   0   0   1   0   0   0   0   0   0   0   0   0
13421   0   0   0   0   0   0   1   0   0   0   0   0   0   0   0   0   0   0
17939   0   0   0   0   0   0   0   0   0   0   0   0   0   0   0   0   1   0
19567   0   0   0   0   0   0   0   0   0   0   0   0   0   1   0   0   0   0

:      56  58  60  63  67  72  74  75  77  79  91  92  97  98 103 105 111 119 :=
1275    0   0   0   0   0   0   1   0   0   0   0   0   0   0   0   0   0   0
1512    0   0   0   0   0   0   0   0   0   0   0   0   1   0   0   0   0   0
1847    0   0   0   0   0   1   0   0   0   0   0   0   0   0   0   0   0   0
1859    0   0   0   0   0   0   0   0   0   1   0   0   0   0   0   0   0   0
2014    0   0   0   1   0   0   0   0   0   0   0   0   0   0   0   0   0   0
2817    0   0   0   0   0   0   0   0   0   0   0   0   0   0   0   1   0   0
3586    0   0   0   0   0   0   0   0   0   0   0   0   0   0   1   0   0   0
3775    0   0   0   0   0   0   0   0   0   0   0   0   0   0   0   0   1   0
3980    0   0   0   0   0   0   0   0   0   0   1   0   0   0   0   0   0   0
4417    0   0   0   0   1   0   0   0   0   0   0   0   0   0   0   0   0   0
4462    1   0   0   0   0   0   0   0   0   0   0   0   0   0   0   0   0   0
6324    0   1   0   0   0   0   0   0   0   0   0   0   0   0   0   0   0   0
7272    0   0   0   0   0   0   0   0   0   0   0   0   0   0   0   0   0   1
7868    0   0   0   0   0   0   0   1   0   0   0   0   0   0   0   0   0   0
8746    0   0   1   0   0   0   0   0   0   0   0   0   0   0   0   0   0   0
8942    0   0   0   0   0   0   0   0   1   0   0   0   0   0   0   0   0   0
9505    0   0   0   0   0   0   0   0   0   0   0   0   0   1   0   0   0   0
12080   0   0   0   0   0   0   0   0   0   0   0   1   0   0   0   0   0   0

:     120 128 133 155 157 160 162 163 166 181 183 186 188 195 196 198 199 202 :=
39      0   0   0   0   0   0   0   0   0   0   0   0   1   0   0   0   0   0
175     0   0   0   0   0   0   0   0   0   0   0   0   0   0   0   0   0   1
213     1   0   0   0   0   0   0   0   0   0   0   0   0   0   0   0   0   0
265     0   0   0   0   0   0   0   0   0   0   0   1   0   0   0   0   0   0
374     0   0   0   0   0   0   0   0   1   0   0   0   0   0   0   0   0   0
1573    0   1   0   0   0   0   0   0   0   0   0   0   0   0   0   0   0   0
2815    0   0   0   0   0   0   0   0   0   0   0   0   0   0   0   1   0   0
3172    0   0   0   1   0   0   0   0   0   0   0   0   0   0   0   0   0   0
3445    0   0   0   0   0   0   0   0   0   1   0   0   0   0   0   0   0   0
5469    0   0   0   0   0   0   1   0   0   0   0   0   0   0   0   0   0   0
7256    0   0   0   0   0   0   0   0   0   0   1   0   0   0   0   0   0   0
7336    0   0   1   0   0   0   0   0   0   0   0   0   0   0   0   0   0   0
7508    0   0   0   0   0   0   0   1   0   0   0   0   0   0   0   0   0   0
7769    0   0   0   0   0   0   0   0   0   0   0   0   0   0   0   0   1   0
12535   0   0   0   0   0   0   0   0   0   0   0   0   0   1   0   0   0   0
14228   0   0   0   0   0   0   0   0   0   0   0   0   0   0   1   0   0   0
18528   0   0   0   0   0   1   0   0   0   0   0   0   0   0   0   0   0   0
19673   0   0   0   0   1   0   0   0   0   0   0   0   0   0   0   0   0   0

:     204 205 210 226 227 228 233 234 241 248 250 258 260 265 271 272 276 280 :=
900     0   0   0   0   0   0   0   0   0   0   0   0   0   0   0   0   0   1
1015    0   0   0   0   0   0   0   0   0   0   0   0   0   1   0   0   0   0
1291    0   0   0   0   0   0   0   0   1   0   0   0   0   0   0   0   0   0
2500    0   0   0   0   0   0   0   0   0   0   1   0   0   0   0   0   0   0
3180    0   0   0   0   0   1   0   0   0   0   0   0   0   0   0   0   0   0
4236    0   0   1   0   0   0   0   0   0   0   0   0   0   0   0   0   0   0
5768    0   0   0   1   0   0   0   0   0   0   0   0   0   0   0   0   0   0
6273    0   0   0   0   0   0   0   1   0   0   0   0   0   0   0   0   0   0
7113    0   0   0   0   1   0   0   0   0   0   0   0   0   0   0   0   0   0
9329    0   0   0   0   0   0   0   0   0   0   0   0   1   0   0   0   0   0
10116   1   0   0   0   0   0   0   0   0   0   0   0   0   0   0   0   0   0
12319   0   0   0   0   0   0   0   0   0   1   0   0   0   0   0   0   0   0
17327   0   0   0   0   0   0   0   0   0   0   0   1   0   0   0   0   0   0
17369   0   0   0   0   0   0   1   0   0   0   0   0   0   0   0   0   0   0
17532   0   0   0   0   0   0   0   0   0   0   0   0   0   0   0   1   0   0
17746   0   0   0   0   0   0   0   0   0   0   0   0   0   0   0   0   1   0
18305   0   0   0   0   0   0   0   0   0   0   0   0   0   0   1   0   0   0
19171   0   1   0   0   0   0   0   0   0   0   0   0   0   0   0   0   0   0

:     281 294 300 303 311 319 320 321 322 328 332 335 341 347 349 350 352 354 :=
873     1   0   0   0   0   0   0   0   0   0   0   0   0   0   0   0   0   0
2979    0   0   0   0   0   0   0   0   0   0   0   0   0   0   1   0   0   0
3220    0   0   0   0   0   0   0   0   0   0   0   0   1   0   0   0   0   0
3243    0   0   0   1   0   0   0   0   0   0   0   0   0   0   0   0   0   0
3486    0   0   0   0   0   1   0   0   0   0   0   0   0   0   0   0   0   0
3635    0   0   0   0   0   0   0   0   1   0   0   0   0   0   0   0   0   0
3952    0   0   1   0   0   0   0   0   0   0   0   0   0   0   0   0   0   0
4246    0   0   0   0   0   0   1   0   0   0   0   0   0   0   0   0   0   0
5279    0   0   0   0   0   0   0   0   0   0   0   1   0   0   0   0   0   0
6010    0   0   0   0   0   0   0   0   0   0   0   0   0   0   0   0   1   0
6344    0   0   0   0   0   0   0   0   0   0   0   0   0   0   0   1   0   0
8907    0   0   0   0   0   0   0   0   0   0   1   0   0   0   0   0   0   0
14040   0   0   0   0   0   0   0   0   0   1   0   0   0   0   0   0   0   0
14202   0   0   0   0   0   0   0   0   0   0   0   0   0   0   0   0   0   1
14383   0   1   0   0   0   0   0   0   0   0   0   0   0   0   0   0   0   0
15300   0   0   0   0   0   0   0   1   0   0   0   0   0   0   0   0   0   0
17388   0   0   0   0   0   0   0   0   0   0   0   0   0   1   0   0   0   0
19396   0   0   0   0   1   0   0   0   0   0   0   0   0   0   0   0   0   0

:     358 361 365 369 375 377 379 381 384 385 393 394 395 397 401 402 404 410 :=
388     0   0   0   0   0   0   0   1   0   0   0   0   0   0   0   0   0   0
3151    0   0   0   0   0   0   0   0   0   1   0   0   0   0   0   0   0   0
3801    0   0   0   0   0   0   1   0   0   0   0   0   0   0   0   0   0   0
4404    0   0   0   0   0   0   0   0   0   0   0   1   0   0   0   0   0   0
4490    0   0   0   0   0   0   0   0   1   0   0   0   0   0   0   0   0   0
4759    1   0   0   0   0   0   0   0   0   0   0   0   0   0   0   0   0   0
5334    0   0   0   0   1   0   0   0   0   0   0   0   0   0   0   0   0   0
6786    0   0   1   0   0   0   0   0   0   0   0   0   0   0   0   0   0   0
7206    0   0   0   0   0   1   0   0   0   0   0   0   0   0   0   0   0   0
7427    0   0   0   0   0   0   0   0   0   0   0   0   0   0   0   0   0   1
9378    0   0   0   0   0   0   0   0   0   0   0   0   0   0   1   0   0   0
10135   0   0   0   0   0   0   0   0   0   0   0   0   1   0   0   0   0   0
11220   0   0   0   0   0   0   0   0   0   0   0   0   0   1   0   0   0   0
11249   0   0   0   0   0   0   0   0   0   0   1   0   0   0   0   0   0   0
11665   0   1   0   0   0   0   0   0   0   0   0   0   0   0   0   0   0   0
16171   0   0   0   0   0   0   0   0   0   0   0   0   0   0   0   1   0   0
18633   0   0   0   0   0   0   0   0   0   0   0   0   0   0   0   0   1   0
19057   0   0   0   1   0   0   0   0   0   0   0   0   0   0   0   0   0   0

:     411 413 420 423 426 431 436 442 446 455 468 474 478 484 487 502 506 517 :=
2613    0   0   0   0   0   0   0   0   0   0   0   0   0   0   0   0   1   0
4085    0   0   0   0   0   0   0   0   0   0   0   1   0   0   0   0   0   0
5228    0   0   0   0   0   0   0   0   0   0   1   0   0   0   0   0   0   0
5835    0   1   0   0   0   0   0   0   0   0   0   0   0   0   0   0   0   0
6724    1   0   0   0   0   0   0   0   0   0   0   0   0   0   0   0   0   0
8092    0   0   0   0   0   0   0   0   0   0   0   0   0   0   0   0   0   1
9289    0   0   0   0   0   1   0   0   0   0   0   0   0   0   0   0   0   0
9336    0   0   0   0   0   0   0   0   1   0   0   0   0   0   0   0   0   0
12006   0   0   0   0   0   0   0   1   0   0   0   0   0   0   0   0   0   0
13679   0   0   0   0   0   0   0   0   0   0   0   0   0   0   0   1   0   0
14817   0   0   0   0   0   0   0   0   0   0   0   0   1   0   0   0   0   0
15627   0   0   0   0   1   0   0   0   0   0   0   0   0   0   0   0   0   0
17607   0   0   0   0   0   0   1   0   0   0   0   0   0   0   0   0   0   0
17828   0   0   0   0   0   0   0   0   0   0   0   0   0   1   0   0   0   0
18322   0   0   0   0   0   0   0   0   0   1   0   0   0   0   0   0   0   0
18541   0   0   0   0   0   0   0   0   0   0   0   0   0   0   1   0   0   0
18653   0   0   1   0   0   0   0   0   0   0   0   0   0   0   0   0   0   0
19587   0   0   0   1   0   0   0   0   0   0   0   0   0   0   0   0   0   0

:     519 526 530 539 540 545 548 551 555 560 561 562 583 585 590 591 603 609 :=
545     0   0   0   0   0   0   0   0   0   0   0   1   0   0   0   0   0   0
1721    0   0   0   0   0   0   0   0   0   0   0   0   0   1   0   0   0   0
3825    0   0   0   0   0   0   1   0   0   0   0   0   0   0   0   0   0   0
4323    0   0   0   1   0   0   0   0   0   0   0   0   0   0   0   0   0   0
5315    0   0   0   0   0   0   0   1   0   0   0   0   0   0   0   0   0   0
5898    0   0   0   0   0   0   0   0   0   0   0   0   1   0   0   0   0   0
6865    0   0   1   0   0   0   0   0   0   0   0   0   0   0   0   0   0   0
7308    0   0   0   0   0   0   0   0   0   0   0   0   0   0   0   1   0   0
8779    0   0   0   0   0   0   0   0   0   1   0   0   0   0   0   0   0   0
8950    0   1   0   0   0   0   0   0   0   0   0   0   0   0   0   0   0   0
9051    0   0   0   0   1   0   0   0   0   0   0   0   0   0   0   0   0   0
9832    0   0   0   0   0   0   0   0   0   0   0   0   0   0   0   0   1   0
10854   0   0   0   0   0   0   0   0   0   0   1   0   0   0   0   0   0   0
17349   0   0   0   0   0   0   0   0   0   0   0   0   0   0   0   0   0   1
17916   1   0   0   0   0   0   0   0   0   0   0   0   0   0   0   0   0   0
18127   0   0   0   0   0   0   0   0   1   0   0   0   0   0   0   0   0   0
18720   0   0   0   0   0   0   0   0   0   0   0   0   0   0   1   0   0   0
19152   0   0   0   0   0   1   0   0   0   0   0   0   0   0   0   0   0   0

:     614 619 625 626 633 634 635 637 645 651 652 653 654 662 668 669 670 685 :=
181     0   0   0   0   0   0   0   0   0   0   0   0   1   0   0   0   0   0
1335    0   1   0   0   0   0   0   0   0   0   0   0   0   0   0   0   0   0
2169    0   0   0   0   0   0   0   0   0   0   0   0   0   0   0   1   0   0
3619    0   0   0   0   0   0   0   0   1   0   0   0   0   0   0   0   0   0
4224    0   0   0   0   1   0   0   0   0   0   0   0   0   0   0   0   0   0
4795    0   0   0   0   0   0   0   0   0   0   0   0   0   0   0   0   0   1
5066    1   0   0   0   0   0   0   0   0   0   0   0   0   0   0   0   0   0
6377    0   0   0   0   0   0   0   0   0   0   0   0   0   0   0   0   1   0
8063    0   0   0   0   0   0   1   0   0   0   0   0   0   0   0   0   0   0
8573    0   0   0   0   0   1   0   0   0   0   0   0   0   0   0   0   0   0
8846    0   0   0   0   0   0   0   0   0   1   0   0   0   0   0   0   0   0
16492   0   0   0   0   0   0   0   1   0   0   0   0   0   0   0   0   0   0
17879   0   0   1   0   0   0   0   0   0   0   0   0   0   0   0   0   0   0
17956   0   0   0   1   0   0   0   0   0   0   0   0   0   0   0   0   0   0
18170   0   0   0   0   0   0   0   0   0   0   0   0   0   1   0   0   0   0
18830   0   0   0   0   0   0   0   0   0   0   0   1   0   0   0   0   0   0
19351   0   0   0   0   0   0   0   0   0   0   1   0   0   0   0   0   0   0
19426   0   0   0   0   0   0   0   0   0   0   0   0   0   0   1   0   0   0

:     686 691 695 697 698 700 702 714 717 723 729 735 736 742 747 751 755 757 :=
604     0   0   0   0   0   0   0   0   0   0   0   0   0   0   1   0   0   0
1198    0   0   0   0   0   0   0   0   0   0   1   0   0   0   0   0   0   0
1544    0   0   0   1   0   0   0   0   0   0   0   0   0   0   0   0   0   0
1569    0   0   0   0   0   0   0   0   1   0   0   0   0   0   0   0   0   0
1826    0   0   0   0   0   0   0   0   0   0   0   1   0   0   0   0   0   0
2600    0   0   0   0   1   0   0   0   0   0   0   0   0   0   0   0   0   0
3910    0   0   0   0   0   0   0   0   0   0   0   0   0   0   0   0   1   0
4184    0   0   0   0   0   0   0   0   0   0   0   0   0   0   0   0   0   1
4882    0   0   0   0   0   1   0   0   0   0   0   0   0   0   0   0   0   0
4931    0   0   0   0   0   0   1   0   0   0   0   0   0   0   0   0   0   0
8402    0   0   1   0   0   0   0   0   0   0   0   0   0   0   0   0   0   0
8569    0   1   0   0   0   0   0   0   0   0   0   0   0   0   0   0   0   0
9655    0   0   0   0   0   0   0   0   0   1   0   0   0   0   0   0   0   0
9961    0   0   0   0   0   0   0   0   0   0   0   0   1   0   0   0   0   0
12970   0   0   0   0   0   0   0   0   0   0   0   0   0   0   0   1   0   0
17041   1   0   0   0   0   0   0   0   0   0   0   0   0   0   0   0   0   0
17391   0   0   0   0   0   0   0   1   0   0   0   0   0   0   0   0   0   0
18628   0   0   0   0   0   0   0   0   0   0   0   0   0   1   0   0   0   0

:     762 765 769 774 776 779 788 794 795 807 816 825 829 830 837 842 843 845 :=
1404    0   0   0   0   0   0   0   0   0   0   0   0   0   0   0   0   1   0
2301    0   0   0   0   0   0   0   0   0   0   0   0   0   0   1   0   0   0
3127    0   0   0   0   0   1   0   0   0   0   0   0   0   0   0   0   0   0
4407    0   0   1   0   0   0   0   0   0   0   0   0   0   0   0   0   0   0
6197    0   0   0   0   0   0   0   0   1   0   0   0   0   0   0   0   0   0
6291    0   0   0   0   0   0   0   0   0   0   0   0   1   0   0   0   0   0
7200    1   0   0   0   0   0   0   0   0   0   0   0   0   0   0   0   0   0
7565    0   0   0   0   0   0   0   0   0   1   0   0   0   0   0   0   0   0
7897    0   0   0   0   0   0   0   0   0   0   0   0   0   1   0   0   0   0
8613    0   0   0   1   0   0   0   0   0   0   0   0   0   0   0   0   0   0
8737    0   0   0   0   0   0   0   1   0   0   0   0   0   0   0   0   0   0
12310   0   0   0   0   0   0   0   0   0   0   0   0   0   0   0   1   0   0
16723   0   0   0   0   0   0   1   0   0   0   0   0   0   0   0   0   0   0
17861   0   1   0   0   0   0   0   0   0   0   0   0   0   0   0   0   0   0
17929   0   0   0   0   0   0   0   0   0   0   0   0   0   0   0   0   0   1
18177   0   0   0   0   0   0   0   0   0   0   1   0   0   0   0   0   0   0
18430   0   0   0   0   0   0   0   0   0   0   0   1   0   0   0   0   0   0
19576   0   0   0   0   1   0   0   0   0   0   0   0   0   0   0   0   0   0

:     846 859 860 863 865 869 870 871 872 874 876 884 889 890 894 905 906 908 :=
643     0   0   0   0   0   0   0   0   0   0   0   0   0   0   1   0   0   0
2324    0   0   0   0   0   0   0   0   1   0   0   0   0   0   0   0   0   0
2564    0   0   0   1   0   0   0   0   0   0   0   0   0   0   0   0   0   0
2588    0   0   0   0   0   0   0   0   0   0   0   1   0   0   0   0   0   0
3073    0   0   0   0   0   0   0   1   0   0   0   0   0   0   0   0   0   0
3215    1   0   0   0   0   0   0   0   0   0   0   0   0   0   0   0   0   0
3496    0   0   0   0   0   0   0   0   0   0   1   0   0   0   0   0   0   0
3614    0   0   0   0   0   0   0   0   0   1   0   0   0   0   0   0   0   0
3963    0   0   1   0   0   0   0   0   0   0   0   0   0   0   0   0   0   0
4306    0   0   0   0   0   0   0   0   0   0   0   0   1   0   0   0   0   0
6691    0   0   0   0   0   0   0   0   0   0   0   0   0   0   0   0   1   0
6696    0   0   0   0   0   0   0   0   0   0   0   0   0   0   0   1   0   0
10613   0   0   0   0   0   0   0   0   0   0   0   0   0   1   0   0   0   0
13349   0   0   0   0   0   1   0   0   0   0   0   0   0   0   0   0   0   0
14003   0   0   0   0   0   0   0   0   0   0   0   0   0   0   0   0   0   1
17443   0   0   0   0   1   0   0   0   0   0   0   0   0   0   0   0   0   0
18337   0   1   0   0   0   0   0   0   0   0   0   0   0   0   0   0   0   0
18814   0   0   0   0   0   0   1   0   0   0   0   0   0   0   0   0   0   0

:     911 915 917 924 928 930 932 933 934 936 945 952 957 965 968 970 972 973 :=
691     0   0   0   0   1   0   0   0   0   0   0   0   0   0   0   0   0   0
2004    0   0   0   0   0   0   0   0   0   0   0   0   0   0   1   0   0   0
2076    0   0   0   0   0   0   0   0   0   1   0   0   0   0   0   0   0   0
3109    0   0   0   0   0   0   0   0   0   0   0   0   0   0   0   1   0   0
3552    0   0   0   0   0   0   0   0   0   0   0   1   0   0   0   0   0   0
3576    0   1   0   0   0   0   0   0   0   0   0   0   0   0   0   0   0   0
3971    0   0   0   0   0   0   0   0   0   0   0   0   0   0   0   0   0   1
5017    0   0   0   0   0   0   0   0   0   0   0   0   1   0   0   0   0   0
5392    0   0   0   0   0   0   0   0   0   0   0   0   0   1   0   0   0   0
6172    0   0   0   0   0   0   0   0   1   0   0   0   0   0   0   0   0   0
6892    0   0   0   0   0   1   0   0   0   0   0   0   0   0   0   0   0   0
6982    0   0   0   0   0   0   0   0   0   0   1   0   0   0   0   0   0   0
7848    0   0   0   1   0   0   0   0   0   0   0   0   0   0   0   0   0   0
8469    0   0   1   0   0   0   0   0   0   0   0   0   0   0   0   0   0   0
17572   0   0   0   0   0   0   1   0   0   0   0   0   0   0   0   0   0   0
18156   0   0   0   0   0   0   0   0   0   0   0   0   0   0   0   0   1   0
18489   0   0   0   0   0   0   0   1   0   0   0   0   0   0   0   0   0   0
18585   1   0   0   0   0   0   0   0   0   0   0   0   0   0   0   0   0   0

:     981 986 991 993    :=
2121    0   0   1   0
3182    1   0   0   0
8498    0   0   0   1
15665   0   1   0   0
;

z [*,*]
:       2   4  10  18  20  24  27  35  38  41  42  43  44  52  53  54  55  56 :=
21      1   0   0   0   0   0   0   0   0   0   0   0   0   0   0   0   0   0
904     0   0   0   0   0   0   0   0   0   0   0   0   0   0   0   1   0   0
1561    0   0   0   0   0   0   0   0   0   0   0   0   0   0   0   0   0   1
3076    0   0   0   0   0   0   0   1   0   0   0   0   0   0   0   0   0   0
3768    0   0   0   0   0   0   0   0   1   0   0   0   0   0   0   0   0   0
4432    0   0   0   0   0   0   0   0   0   0   0   0   1   0   0   0   0   0
4443    0   0   0   0   0   0   0   0   0   0   1   0   0   0   0   0   0   0
4709    0   0   0   0   0   0   0   0   0   0   0   0   0   0   0   0   1   0
4934    0   1   0   0   0   0   0   0   0   0   0   0   0   0   0   0   0   0
5091    0   0   0   0   0   0   0   0   0   0   0   0   0   0   1   0   0   0
5598    0   0   1   0   0   0   0   0   0   0   0   0   0   0   0   0   0   0
7001    0   0   0   0   0   1   0   0   0   0   0   0   0   0   0   0   0   0
8096    0   0   0   0   0   0   1   0   0   0   0   0   0   0   0   0   0   0
8934    0   0   0   0   0   0   0   0   0   0   0   1   0   0   0   0   0   0
9154    0   0   0   0   0   0   0   0   0   1   0   0   0   0   0   0   0   0
10720   0   0   0   0   0   0   0   0   0   0   0   0   0   1   0   0   0   0
10905   0   0   0   1   0   0   0   0   0   0   0   0   0   0   0   0   0   0
18775   0   0   0   0   1   0   0   0   0   0   0   0   0   0   0   0   0   0

:      58  60  63  67  69  72  74  75  79  84  87  89  91  92  97  98 103 111 :=
132     0   0   0   0   1   0   0   0   0   0   0   0   0   0   0   0   0   0
902     0   0   0   0   0   0   0   0   0   0   1   0   0   0   0   0   0   0
1142    0   0   0   0   0   0   0   0   0   0   0   0   0   0   0   0   1   0
1328    0   0   0   0   0   0   0   1   0   0   0   0   0   0   0   0   0   0
1484    0   0   0   0   0   0   0   0   0   0   0   0   1   0   0   0   0   0
2882    0   0   0   0   0   0   0   0   0   0   0   0   0   0   0   1   0   0
3530    1   0   0   0   0   0   0   0   0   0   0   0   0   0   0   0   0   0
3776    0   0   0   1   0   0   0   0   0   0   0   0   0   0   0   0   0   0
3808    0   0   0   0   0   0   0   0   0   0   0   0   0   1   0   0   0   0
4306    0   1   0   0   0   0   0   0   0   0   0   0   0   0   0   0   0   0
4929    0   0   0   0   0   0   0   0   0   1   0   0   0   0   0   0   0   0
5146    0   0   0   0   0   0   0   0   0   0   0   0   0   0   1   0   0   0
5373    0   0   0   0   0   0   1   0   0   0   0   0   0   0   0   0   0   0
6353    0   0   0   0   0   1   0   0   0   0   0   0   0   0   0   0   0   0
7080    0   0   1   0   0   0   0   0   0   0   0   0   0   0   0   0   0   0
17437   0   0   0   0   0   0   0   0   0   0   0   1   0   0   0   0   0   0
19182   0   0   0   0   0   0   0   0   0   0   0   0   0   0   0   0   0   1
19185   0   0   0   0   0   0   0   0   1   0   0   0   0   0   0   0   0   0

:     113 115 119 120 128 133 147 150 155 157 160 162 163 175 181 183 184 186 :=
19      0   0   0   0   0   0   1   0   0   0   0   0   0   0   0   0   0   0
175     0   0   0   0   0   0   0   0   0   0   0   0   0   1   0   0   0   0
541     0   0   0   0   0   0   0   0   0   1   0   0   0   0   0   0   0   0
691     0   0   0   0   1   0   0   0   0   0   0   0   0   0   0   0   0   0
866     0   0   0   0   0   0   0   0   0   0   1   0   0   0   0   0   0   0
1864    0   0   0   0   0   0   0   0   0   0   0   0   0   0   1   0   0   0
4904    0   0   0   0   0   0   0   0   0   0   0   1   0   0   0   0   0   0
5761    0   0   0   0   0   0   0   0   0   0   0   0   0   0   0   1   0   0
5872    0   0   0   0   0   0   0   0   0   0   0   0   1   0   0   0   0   0
10019   0   0   1   0   0   0   0   0   0   0   0   0   0   0   0   0   0   0
10871   0   0   0   0   0   0   0   0   0   0   0   0   0   0   0   0   0   1
17531   0   0   0   0   0   0   0   0   1   0   0   0   0   0   0   0   0   0
17957   0   1   0   0   0   0   0   0   0   0   0   0   0   0   0   0   0   0
17984   1   0   0   0   0   0   0   0   0   0   0   0   0   0   0   0   0   0
18093   0   0   0   0   0   0   0   0   0   0   0   0   0   0   0   0   1   0
18439   0   0   0   1   0   0   0   0   0   0   0   0   0   0   0   0   0   0
19527   0   0   0   0   0   0   0   1   0   0   0   0   0   0   0   0   0   0
19644   0   0   0   0   0   1   0   0   0   0   0   0   0   0   0   0   0   0

:     188 195 196 198 199 201 204 205 210 216 226 229 231 233 234 238 241 248 :=
304     1   0   0   0   0   0   0   0   0   0   0   0   0   0   0   0   0   0
341     0   0   0   0   0   1   0   0   0   0   0   0   0   0   0   0   0   0
2166    0   1   0   0   0   0   0   0   0   0   0   0   0   0   0   0   0   0
2244    0   0   0   0   0   0   0   0   0   0   0   0   0   0   0   0   1   0
3946    0   0   0   0   0   0   0   0   0   0   0   0   1   0   0   0   0   0
3991    0   0   0   0   0   0   0   0   0   0   1   0   0   0   0   0   0   0
5090    0   0   0   0   0   0   0   0   1   0   0   0   0   0   0   0   0   0
5558    0   0   0   1   0   0   0   0   0   0   0   0   0   0   0   0   0   0
7113    0   0   0   0   0   0   0   0   0   0   0   1   0   0   0   0   0   0
7217    0   0   0   0   0   0   0   0   0   0   0   0   0   1   0   0   0   0
7850    0   0   0   0   0   0   0   0   0   1   0   0   0   0   0   0   0   0
8010    0   0   0   0   1   0   0   0   0   0   0   0   0   0   0   0   0   0
8984    0   0   0   0   0   0   0   0   0   0   0   0   0   0   0   1   0   0
9742    0   0   0   0   0   0   0   1   0   0   0   0   0   0   0   0   0   0
13161   0   0   0   0   0   0   0   0   0   0   0   0   0   0   0   0   0   1
18278   0   0   0   0   0   0   1   0   0   0   0   0   0   0   0   0   0   0
18585   0   0   1   0   0   0   0   0   0   0   0   0   0   0   0   0   0   0
18894   0   0   0   0   0   0   0   0   0   0   0   0   0   0   1   0   0   0

:     250 260 265 271 272 276 280 283 294 299 303 309 311 316 319 320 321 322 :=
500     0   0   0   0   0   0   0   0   0   0   0   0   0   0   1   0   0   0
721     0   0   0   0   0   0   0   0   0   0   0   0   1   0   0   0   0   0
2382    0   0   0   0   0   0   0   0   0   0   1   0   0   0   0   0   0   0
4049    0   0   0   0   0   0   0   0   0   0   0   0   0   1   0   0   0   0
4257    0   0   0   0   0   0   0   1   0   0   0   0   0   0   0   0   0   0
4452    0   0   0   0   0   0   0   0   1   0   0   0   0   0   0   0   0   0
8844    0   0   0   0   0   0   0   0   0   0   0   0   0   0   0   0   1   0
9149    0   0   1   0   0   0   0   0   0   0   0   0   0   0   0   0   0   0
11380   0   0   0   0   0   0   0   0   0   1   0   0   0   0   0   0   0   0
11537   0   1   0   0   0   0   0   0   0   0   0   0   0   0   0   0   0   0
17457   0   0   0   0   1   0   0   0   0   0   0   0   0   0   0   0   0   0
17745   1   0   0   0   0   0   0   0   0   0   0   0   0   0   0   0   0   0
17781   0   0   0   0   0   0   0   0   0   0   0   0   0   0   0   1   0   0
17935   0   0   0   0   0   0   0   0   0   0   0   1   0   0   0   0   0   0
17974   0   0   0   1   0   0   0   0   0   0   0   0   0   0   0   0   0   0
18552   0   0   0   0   0   0   1   0   0   0   0   0   0   0   0   0   0   0
19258   0   0   0   0   0   1   0   0   0   0   0   0   0   0   0   0   0   0
19642   0   0   0   0   0   0   0   0   0   0   0   0   0   0   0   0   0   1

:     327 328 332 335 341 350 354 361 365 375 377 379 381 385 393 394 397 401 :=
155     0   0   0   0   0   0   0   0   0   0   0   0   1   0   0   0   0   0
368     0   0   0   0   0   0   0   0   0   0   0   0   0   0   0   0   0   1
4451    0   0   0   0   0   0   0   0   0   0   1   0   0   0   0   0   0   0
4624    0   0   1   0   0   0   0   0   0   0   0   0   0   0   0   0   0   0
5709    0   0   0   0   0   0   0   0   1   0   0   0   0   0   0   0   0   0
9652    0   0   0   0   0   0   1   0   0   0   0   0   0   0   0   0   0   0
14329   0   0   0   0   0   0   0   0   0   0   0   0   0   0   1   0   0   0
17875   1   0   0   0   0   0   0   0   0   0   0   0   0   0   0   0   0   0
18289   0   0   0   0   0   0   0   0   0   0   0   1   0   0   0   0   0   0
18383   0   0   0   0   1   0   0   0   0   0   0   0   0   0   0   0   0   0
18958   0   0   0   0   0   0   0   0   0   0   0   0   0   1   0   0   0   0
18993   0   1   0   0   0   0   0   0   0   0   0   0   0   0   0   0   0   0
19005   0   0   0   0   0   0   0   1   0   0   0   0   0   0   0   0   0   0
19432   0   0   0   0   0   1   0   0   0   0   0   0   0   0   0   0   0   0
19449   0   0   0   0   0   0   0   0   0   0   0   0   0   0   0   1   0   0
19659   0   0   0   1   0   0   0   0   0   0   0   0   0   0   0   0   0   0
19667   0   0   0   0   0   0   0   0   0   1   0   0   0   0   0   0   0   0
19677   0   0   0   0   0   0   0   0   0   0   0   0   0   0   0   0   1   0

:     402 410 411 413 420 423 426 431 435 436 445 446 447 449 455 460 467 468 :=
202     0   0   0   0   1   0   0   0   0   0   0   0   0   0   0   0   0   0
760     0   0   0   0   0   0   0   0   0   0   0   0   0   0   0   0   0   1
832     0   0   0   0   0   0   0   0   0   0   0   1   0   0   0   0   0   0
1008    0   0   0   0   0   1   0   0   0   0   0   0   0   0   0   0   0   0
1758    0   0   0   0   0   0   0   0   0   0   0   0   0   0   0   1   0   0
4059    0   0   1   0   0   0   0   0   0   0   0   0   0   0   0   0   0   0
6395    0   1   0   0   0   0   0   0   0   0   0   0   0   0   0   0   0   0
9336    0   0   0   0   0   0   1   0   0   0   0   0   0   0   0   0   0   0
10770   0   0   0   0   0   0   0   0   0   0   1   0   0   0   0   0   0   0
13423   0   0   0   0   0   0   0   0   1   0   0   0   0   0   0   0   0   0
14351   0   0   0   0   0   0   0   0   0   0   0   0   0   0   1   0   0   0
16560   1   0   0   0   0   0   0   0   0   0   0   0   0   0   0   0   0   0
17388   0   0   0   0   0   0   0   0   0   0   0   0   1   0   0   0   0   0
17650   0   0   0   0   0   0   0   0   0   0   0   0   0   1   0   0   0   0
17651   0   0   0   0   0   0   0   0   0   0   0   0   0   0   0   0   1   0
18459   0   0   0   0   0   0   0   1   0   0   0   0   0   0   0   0   0   0
18590   0   0   0   0   0   0   0   0   0   1   0   0   0   0   0   0   0   0
18817   0   0   0   1   0   0   0   0   0   0   0   0   0   0   0   0   0   0

:     474 475 478 483 484 485 487 492 495 498 499 502 506 509 512 515 517 526 :=
1824    0   0   0   0   0   0   0   0   0   0   0   1   0   0   0   0   0   0
2161    0   0   1   0   0   0   0   0   0   0   0   0   0   0   0   0   0   0
2272    0   0   0   0   0   0   0   0   0   1   0   0   0   0   0   0   0   0
3182    0   0   0   1   0   0   0   0   0   0   0   0   0   0   0   0   0   0
3699    0   0   0   0   0   0   0   0   0   0   0   0   0   0   0   0   1   0
4022    0   0   0   0   1   0   0   0   0   0   0   0   0   0   0   0   0   0
4079    0   0   0   0   0   0   1   0   0   0   0   0   0   0   0   0   0   0
4132    0   0   0   0   0   0   0   0   1   0   0   0   0   0   0   0   0   0
7712    0   1   0   0   0   0   0   0   0   0   0   0   0   0   0   0   0   0
9863    0   0   0   0   0   0   0   0   0   0   0   0   0   1   0   0   0   0
12148   0   0   0   0   0   0   0   0   0   0   0   0   0   0   0   0   0   1
13973   0   0   0   0   0   0   0   1   0   0   0   0   0   0   0   0   0   0
17558   0   0   0   0   0   0   0   0   0   0   0   0   0   0   0   1   0   0
17708   0   0   0   0   0   1   0   0   0   0   0   0   0   0   0   0   0   0
17783   0   0   0   0   0   0   0   0   0   0   0   0   0   0   1   0   0   0
18562   0   0   0   0   0   0   0   0   0   0   0   0   1   0   0   0   0   0
19125   1   0   0   0   0   0   0   0   0   0   0   0   0   0   0   0   0   0
19319   0   0   0   0   0   0   0   0   0   0   1   0   0   0   0   0   0   0

:     530 540 548 551 552 555 560 561 562 583 590 591 593 599 603 609 610 619 :=
309     0   0   1   0   0   0   0   0   0   0   0   0   0   0   0   0   0   0
448     0   0   0   1   0   0   0   0   0   0   0   0   0   0   0   0   0   0
764     0   0   0   0   0   0   0   0   1   0   0   0   0   0   0   0   0   0
890     0   0   0   0   0   0   0   0   0   0   0   1   0   0   0   0   0   0
1111    0   0   0   0   0   0   0   1   0   0   0   0   0   0   0   0   0   0
1200    0   0   0   0   1   0   0   0   0   0   0   0   0   0   0   0   0   0
1694    0   0   0   0   0   0   0   0   0   0   0   0   0   0   1   0   0   0
2400    1   0   0   0   0   0   0   0   0   0   0   0   0   0   0   0   0   0
2410    0   0   0   0   0   0   0   0   0   0   0   0   0   1   0   0   0   0
2482    0   0   0   0   0   0   0   0   0   0   1   0   0   0   0   0   0   0
3402    0   0   0   0   0   1   0   0   0   0   0   0   0   0   0   0   0   0
4490    0   1   0   0   0   0   0   0   0   0   0   0   0   0   0   0   0   0
8634    0   0   0   0   0   0   0   0   0   1   0   0   0   0   0   0   0   0
17353   0   0   0   0   0   0   0   0   0   0   0   0   0   0   0   1   0   0
17386   0   0   0   0   0   0   1   0   0   0   0   0   0   0   0   0   0   0
17656   0   0   0   0   0   0   0   0   0   0   0   0   0   0   0   0   1   0
18767   0   0   0   0   0   0   0   0   0   0   0   0   0   0   0   0   0   1
19675   0   0   0   0   0   0   0   0   0   0   0   0   1   0   0   0   0   0

:     620 622 624 625 626 633 634 635 637 645 651 652 653 654 657 668 669 670 :=
1183    1   0   0   0   0   0   0   0   0   0   0   0   0   0   0   0   0   0
1207    0   0   0   0   0   0   0   0   0   0   0   0   0   1   0   0   0   0
2213    0   0   0   0   0   0   0   0   0   1   0   0   0   0   0   0   0   0
2582    0   0   0   0   0   0   0   0   0   0   1   0   0   0   0   0   0   0
3135    0   0   0   0   0   0   1   0   0   0   0   0   0   0   0   0   0   0
4175    0   0   0   0   0   0   0   0   0   0   0   0   1   0   0   0   0   0
4800    0   0   0   0   0   0   0   0   0   0   0   1   0   0   0   0   0   0
5009    0   0   0   0   0   0   0   0   0   0   0   0   0   0   0   1   0   0
5459    0   0   0   0   1   0   0   0   0   0   0   0   0   0   0   0   0   0
7470    0   0   0   0   0   0   0   1   0   0   0   0   0   0   0   0   0   0
9894    0   0   0   0   0   0   0   0   0   0   0   0   0   0   0   0   1   0
10573   0   0   0   0   0   1   0   0   0   0   0   0   0   0   0   0   0   0
14830   0   0   1   0   0   0   0   0   0   0   0   0   0   0   0   0   0   0
17453   0   0   0   1   0   0   0   0   0   0   0   0   0   0   0   0   0   0
17861   0   0   0   0   0   0   0   0   1   0   0   0   0   0   0   0   0   0
18713   0   1   0   0   0   0   0   0   0   0   0   0   0   0   0   0   0   0
18773   0   0   0   0   0   0   0   0   0   0   0   0   0   0   0   0   0   1
18991   0   0   0   0   0   0   0   0   0   0   0   0   0   0   1   0   0   0

:     678 691 695 697 698 700 702 714 717 723 729 735 736 738 742 751 755 757 :=
705     0   0   0   0   0   0   1   0   0   0   0   0   0   0   0   0   0   0
793     0   0   0   0   0   0   0   0   0   0   0   0   0   0   0   0   1   0
1045    0   0   0   0   0   0   0   0   0   0   0   0   0   0   1   0   0   0
2483    0   0   0   0   1   0   0   0   0   0   0   0   0   0   0   0   0   0
2665    0   0   0   0   0   0   0   0   0   0   0   1   0   0   0   0   0   0
2768    0   0   0   0   0   0   0   0   0   0   0   0   0   0   0   1   0   0
3084    0   0   0   0   0   0   0   0   0   0   0   0   0   0   0   0   0   1
3124    0   0   0   0   0   0   0   0   1   0   0   0   0   0   0   0   0   0
3976    0   1   0   0   0   0   0   0   0   0   0   0   0   0   0   0   0   0
4252    0   0   0   1   0   0   0   0   0   0   0   0   0   0   0   0   0   0
6521    0   0   0   0   0   0   0   0   0   0   0   0   1   0   0   0   0   0
10664   0   0   0   0   0   0   0   0   0   0   1   0   0   0   0   0   0   0
11434   0   0   1   0   0   0   0   0   0   0   0   0   0   0   0   0   0   0
17163   0   0   0   0   0   0   0   0   0   1   0   0   0   0   0   0   0   0
17724   0   0   0   0   0   0   0   1   0   0   0   0   0   0   0   0   0   0
17748   0   0   0   0   0   0   0   0   0   0   0   0   0   1   0   0   0   0
18962   0   0   0   0   0   1   0   0   0   0   0   0   0   0   0   0   0   0
19562   1   0   0   0   0   0   0   0   0   0   0   0   0   0   0   0   0   0

:     762 765 769 774 776 779 784 788 794 795 811 816 821 825 829 830 832 842 :=
35      0   0   0   0   0   0   1   0   0   0   0   0   0   0   0   0   0   0
901     0   0   0   0   0   1   0   0   0   0   0   0   0   0   0   0   0   0
1014    0   0   0   0   1   0   0   0   0   0   0   0   0   0   0   0   0   0
1647    0   0   0   0   0   0   0   0   0   0   0   0   0   0   0   1   0   0
2439    0   0   0   0   0   0   0   0   0   0   0   0   0   0   0   0   1   0
3728    0   1   0   0   0   0   0   0   0   0   0   0   0   0   0   0   0   0
4222    0   0   0   0   0   0   0   0   0   1   0   0   0   0   0   0   0   0
4332    0   0   0   0   0   0   0   0   0   0   1   0   0   0   0   0   0   0
4551    0   0   0   0   0   0   0   0   0   0   0   1   0   0   0   0   0   0
7653    1   0   0   0   0   0   0   0   0   0   0   0   0   0   0   0   0   0
7683    0   0   0   0   0   0   0   0   0   0   0   0   0   0   1   0   0   0
7923    0   0   0   0   0   0   0   1   0   0   0   0   0   0   0   0   0   0
11258   0   0   0   0   0   0   0   0   1   0   0   0   0   0   0   0   0   0
16856   0   0   0   0   0   0   0   0   0   0   0   0   0   1   0   0   0   0
17486   0   0   0   0   0   0   0   0   0   0   0   0   1   0   0   0   0   0
18000   0   0   0   1   0   0   0   0   0   0   0   0   0   0   0   0   0   0
18928   0   0   1   0   0   0   0   0   0   0   0   0   0   0   0   0   0   0
19072   0   0   0   0   0   0   0   0   0   0   0   0   0   0   0   0   0   1

:     845 846 855 856 857 860 863 865 869 870 871 872 874 876 881 884 886 889 :=
12      0   0   0   0   0   0   0   0   0   0   0   0   0   0   0   0   1   0
39      0   0   0   0   0   0   0   0   0   0   0   1   0   0   0   0   0   0
873     0   0   0   0   0   0   0   0   0   0   0   0   0   0   0   1   0   0
2853    0   0   0   0   1   0   0   0   0   0   0   0   0   0   0   0   0   0
3499    0   0   0   0   0   0   0   0   0   0   0   0   0   1   0   0   0   0
3588    0   0   0   0   0   0   0   0   0   0   0   0   1   0   0   0   0   0
3646    0   1   0   0   0   0   0   0   0   0   0   0   0   0   0   0   0   0
5570    0   0   0   1   0   0   0   0   0   0   0   0   0   0   0   0   0   0
6982    0   0   0   0   0   0   0   0   0   0   1   0   0   0   0   0   0   0
9201    0   0   0   0   0   0   0   0   0   0   0   0   0   0   1   0   0   0
10135   0   0   0   0   0   0   0   0   0   1   0   0   0   0   0   0   0   0
11182   0   0   0   0   0   0   1   0   0   0   0   0   0   0   0   0   0   0
17354   0   0   0   0   0   0   0   1   0   0   0   0   0   0   0   0   0   0
17624   1   0   0   0   0   0   0   0   0   0   0   0   0   0   0   0   0   0
18798   0   0   0   0   0   0   0   0   0   0   0   0   0   0   0   0   0   1
18942   0   0   1   0   0   0   0   0   0   0   0   0   0   0   0   0   0   0
18974   0   0   0   0   0   1   0   0   0   0   0   0   0   0   0   0   0   0
19189   0   0   0   0   0   0   0   0   1   0   0   0   0   0   0   0   0   0

:     890 894 905 906 908 915 917 924 925 933 934 936 945 949 952 953 957 962 :=
248     0   0   0   0   0   0   0   0   0   0   0   0   1   0   0   0   0   0
336     0   0   0   0   0   0   0   0   0   0   0   0   0   0   0   0   0   1
702     0   0   0   0   0   1   0   0   0   0   0   0   0   0   0   0   0   0
885     0   0   0   0   1   0   0   0   0   0   0   0   0   0   0   0   0   0
1688    0   0   0   0   0   0   0   0   0   0   0   0   0   0   0   0   1   0
1700    0   0   0   0   0   0   0   0   0   0   0   0   0   0   1   0   0   0
2352    0   0   0   0   0   0   0   1   0   0   0   0   0   0   0   0   0   0
2714    0   0   0   0   0   0   0   0   0   0   0   1   0   0   0   0   0   0
2884    1   0   0   0   0   0   0   0   0   0   0   0   0   0   0   0   0   0
3532    0   0   0   0   0   0   0   0   0   0   0   0   0   0   0   1   0   0
3601    0   0   1   0   0   0   0   0   0   0   0   0   0   0   0   0   0   0
4583    0   0   0   0   0   0   0   0   0   0   0   0   0   1   0   0   0   0
10401   0   0   0   0   0   0   0   0   0   0   1   0   0   0   0   0   0   0
13386   0   0   0   1   0   0   0   0   0   0   0   0   0   0   0   0   0   0
17815   0   0   0   0   0   0   0   0   1   0   0   0   0   0   0   0   0   0
18881   0   0   0   0   0   0   0   0   0   1   0   0   0   0   0   0   0   0
18930   0   1   0   0   0   0   0   0   0   0   0   0   0   0   0   0   0   0
19483   0   0   0   0   0   0   1   0   0   0   0   0   0   0   0   0   0   0

:     965 968 970 973 986 993 994 997    :=
3676    0   0   0   0   0   0   1   0
5285    0   0   0   1   0   0   0   0
5450    0   0   0   0   0   1   0   0
5782    0   0   0   0   0   0   0   1
6084    0   0   0   0   1   0   0   0
8643    0   1   0   0   0   0   0   0
18463   1   0   0   0   0   0   0   0
19117   0   0   1   0   0   0   0   0
;

z [*,*]
:       2   4  10  18  20  24  27  35  38  41  43  44  52  53  54  55  56  60 :=
662     0   0   0   0   0   0   0   1   0   0   0   0   0   0   0   0   0   0
2411    0   0   0   0   0   0   1   0   0   0   0   0   0   0   0   0   0   0
2543    0   0   0   0   0   0   0   0   0   0   0   0   0   0   0   0   0   1
2561    0   0   0   0   0   0   0   0   0   0   0   0   0   1   0   0   0   0
2768    0   0   0   0   0   0   0   0   0   0   0   1   0   0   0   0   0   0
3583    0   1   0   0   0   0   0   0   0   0   0   0   0   0   0   0   0   0
3588    0   0   0   0   0   0   0   0   0   1   0   0   0   0   0   0   0   0
4841    0   0   1   0   0   0   0   0   0   0   0   0   0   0   0   0   0   0
7080    0   0   0   0   0   0   0   0   0   0   0   0   1   0   0   0   0   0
7113    0   0   0   0   0   0   0   0   1   0   0   0   0   0   0   0   0   0
9700    0   0   0   0   0   0   0   0   0   0   1   0   0   0   0   0   0   0
12805   0   0   0   1   0   0   0   0   0   0   0   0   0   0   0   0   0   0
17926   0   0   0   0   1   0   0   0   0   0   0   0   0   0   0   0   0   0
18272   0   0   0   0   0   0   0   0   0   0   0   0   0   0   0   1   0   0
19002   0   0   0   0   0   0   0   0   0   0   0   0   0   0   1   0   0   0
19058   0   0   0   0   0   1   0   0   0   0   0   0   0   0   0   0   0   0
19342   1   0   0   0   0   0   0   0   0   0   0   0   0   0   0   0   0   0
19636   0   0   0   0   0   0   0   0   0   0   0   0   0   0   0   0   1   0

:      63  67  69  72  74  75  92  97  98 103 111 113 119 120 133 150 155 160 :=
406     0   0   0   0   0   1   0   0   0   0   0   0   0   0   0   0   0   0
452     0   0   0   0   0   0   0   0   0   0   1   0   0   0   0   0   0   0
1755    0   0   0   0   0   0   0   0   0   0   0   0   0   1   0   0   0   0
2090    0   1   0   0   0   0   0   0   0   0   0   0   0   0   0   0   0   0
2139    0   0   0   0   0   0   0   0   0   0   0   0   0   0   0   0   1   0
2298    0   0   0   0   0   0   0   0   1   0   0   0   0   0   0   0   0   0
2572    0   0   1   0   0   0   0   0   0   0   0   0   0   0   0   0   0   0
2854    0   0   0   0   1   0   0   0   0   0   0   0   0   0   0   0   0   0
4583    1   0   0   0   0   0   0   0   0   0   0   0   0   0   0   0   0   0
4670    0   0   0   0   0   0   0   0   0   0   0   0   1   0   0   0   0   0
5892    0   0   0   0   0   0   0   0   0   0   0   0   0   0   1   0   0   0
6126    0   0   0   0   0   0   1   0   0   0   0   0   0   0   0   0   0   0
6982    0   0   0   0   0   0   0   0   0   0   0   0   0   0   0   0   0   1
10135   0   0   0   0   0   0   0   1   0   0   0   0   0   0   0   0   0   0
11650   0   0   0   0   0   0   0   0   0   1   0   0   0   0   0   0   0   0
17595   0   0   0   0   0   0   0   0   0   0   0   1   0   0   0   0   0   0
18494   0   0   0   1   0   0   0   0   0   0   0   0   0   0   0   0   0   0
19518   0   0   0   0   0   0   0   0   0   0   0   0   0   0   0   1   0   0

:     162 163 183 188 195 196 198 199 205 210 226 229 234 248 250 260 265 272 :=
175     0   0   0   0   0   0   0   0   0   0   0   1   0   0   0   0   0   0
523     0   0   0   0   0   0   0   0   0   0   0   0   1   0   0   0   0   0
882     0   0   0   0   0   0   0   0   0   0   0   0   0   0   0   0   1   0
1254    0   0   0   0   0   0   0   0   0   1   0   0   0   0   0   0   0   0
2244    0   1   0   0   0   0   0   0   0   0   0   0   0   0   0   0   0   0
2552    0   0   0   0   0   0   0   0   0   0   0   0   0   1   0   0   0   0
3572    0   0   0   0   0   0   0   0   1   0   0   0   0   0   0   0   0   0
3676    0   0   0   0   0   0   0   0   0   0   1   0   0   0   0   0   0   0
6903    0   0   0   1   0   0   0   0   0   0   0   0   0   0   0   0   0   0
7531    0   0   0   0   0   0   0   0   0   0   0   0   0   0   0   0   0   1
10064   0   0   0   0   0   0   0   1   0   0   0   0   0   0   0   0   0   0
17489   0   0   0   0   0   0   0   0   0   0   0   0   0   0   0   1   0   0
17928   0   0   1   0   0   0   0   0   0   0   0   0   0   0   0   0   0   0
18058   0   0   0   0   0   1   0   0   0   0   0   0   0   0   0   0   0   0
19097   1   0   0   0   0   0   0   0   0   0   0   0   0   0   0   0   0   0
19141   0   0   0   0   0   0   1   0   0   0   0   0   0   0   0   0   0   0
19189   0   0   0   0   1   0   0   0   0   0   0   0   0   0   0   0   0   0
19642   0   0   0   0   0   0   0   0   0   0   0   0   0   0   1   0   0   0

:     280 294 299 303 311 319 320 321 354 361 365 375 379 385 393 394 402 410 :=
158     0   0   1   0   0   0   0   0   0   0   0   0   0   0   0   0   0   0
202     1   0   0   0   0   0   0   0   0   0   0   0   0   0   0   0   0   0
1110    0   0   0   0   0   0   0   0   0   0   0   0   1   0   0   0   0   0
1173    0   0   0   0   0   0   0   0   0   0   0   0   0   0   0   0   0   1
1579    0   0   0   1   0   0   0   0   0   0   0   0   0   0   0   0   0   0
1797    0   0   0   0   0   0   1   0   0   0   0   0   0   0   0   0   0   0
1843    0   0   0   0   0   0   0   0   0   1   0   0   0   0   0   0   0   0
2619    0   0   0   0   0   0   0   0   0   0   0   0   0   0   0   0   1   0
3915    0   0   0   0   0   0   0   1   0   0   0   0   0   0   0   0   0   0
5454    0   0   0   0   0   0   0   0   0   0   1   0   0   0   0   0   0   0
6260    0   1   0   0   0   0   0   0   0   0   0   0   0   0   0   0   0   0
6920    0   0   0   0   1   0   0   0   0   0   0   0   0   0   0   0   0   0
9674    0   0   0   0   0   0   0   0   0   0   0   0   0   0   1   0   0   0
11578   0   0   0   0   0   0   0   0   0   0   0   1   0   0   0   0   0   0
17311   0   0   0   0   0   0   0   0   0   0   0   0   0   1   0   0   0   0
17987   0   0   0   0   0   1   0   0   0   0   0   0   0   0   0   0   0   0
18590   0   0   0   0   0   0   0   0   0   0   0   0   0   0   0   1   0   0
18734   0   0   0   0   0   0   0   0   1   0   0   0   0   0   0   0   0   0

:     411 423 426 431 435 445 446 455 467 475 478 487 502 526 530 540 548 551 :=
691     0   0   0   0   0   0   0   0   0   0   0   0   0   0   0   0   1   0
1496    0   0   0   0   0   1   0   0   0   0   0   0   0   0   0   0   0   0
3182    0   0   0   1   0   0   0   0   0   0   0   0   0   0   0   0   0   0
3590    0   0   0   0   0   0   0   0   0   0   0   1   0   0   0   0   0   0
4451    1   0   0   0   0   0   0   0   0   0   0   0   0   0   0   0   0   0
4509    0   0   0   0   0   0   0   0   0   0   0   0   0   1   0   0   0   0
4663    0   0   0   0   0   0   0   0   0   0   0   0   0   0   0   1   0   0
6153    0   0   0   0   0   0   0   1   0   0   0   0   0   0   0   0   0   0
6612    0   0   0   0   0   0   0   0   1   0   0   0   0   0   0   0   0   0
9189    0   0   0   0   0   0   0   0   0   1   0   0   0   0   0   0   0   0
11118   0   1   0   0   0   0   0   0   0   0   0   0   0   0   0   0   0   0
17550   0   0   0   0   0   0   0   0   0   0   0   0   0   0   1   0   0   0
17554   0   0   0   0   0   0   0   0   0   0   1   0   0   0   0   0   0   0
17714   0   0   0   0   0   0   0   0   0   0   0   0   0   0   0   0   0   1
18844   0   0   0   0   1   0   0   0   0   0   0   0   0   0   0   0   0   0
18989   0   0   1   0   0   0   0   0   0   0   0   0   0   0   0   0   0   0
19552   0   0   0   0   0   0   0   0   0   0   0   0   1   0   0   0   0   0
19728   0   0   0   0   0   0   1   0   0   0   0   0   0   0   0   0   0   0

:     560 561 562 583 590 591 609 619 620 624 626 633 634 635 637 645 652 668 :=
1258    0   0   0   0   0   0   0   0   0   0   0   0   0   0   0   0   0   1
2384    0   0   0   0   0   0   0   0   0   0   0   0   0   0   1   0   0   0
4656    0   1   0   0   0   0   0   0   0   0   0   0   0   0   0   0   0   0
4824    0   0   0   0   0   0   0   0   0   0   0   0   1   0   0   0   0   0
5076    0   0   0   0   0   0   0   1   0   0   0   0   0   0   0   0   0   0
7001    1   0   0   0   0   0   0   0   0   0   0   0   0   0   0   0   0   0
9994    0   0   0   0   0   1   0   0   0   0   0   0   0   0   0   0   0   0
17325   0   0   0   0   0   0   0   0   0   0   0   1   0   0   0   0   0   0
17332   0   0   0   0   0   0   0   0   0   0   0   0   0   1   0   0   0   0
17656   0   0   0   0   0   0   0   0   1   0   0   0   0   0   0   0   0   0
17988   0   0   1   0   0   0   0   0   0   0   0   0   0   0   0   0   0   0
18296   0   0   0   0   0   0   1   0   0   0   0   0   0   0   0   0   0   0
18335   0   0   0   1   0   0   0   0   0   0   0   0   0   0   0   0   0   0
18610   0   0   0   0   1   0   0   0   0   0   0   0   0   0   0   0   0   0
18703   0   0   0   0   0   0   0   0   0   0   0   0   0   0   0   0   1   0
18855   0   0   0   0   0   0   0   0   0   0   0   0   0   0   0   1   0   0
18905   0   0   0   0   0   0   0   0   0   1   0   0   0   0   0   0   0   0
19038   0   0   0   0   0   0   0   0   0   0   1   0   0   0   0   0   0   0

:     669 670 691 695 697 717 723 729 735 736 757 762 765 769 776 779 788 794 :=
275     0   0   0   0   0   0   0   0   0   0   0   1   0   0   0   0   0   0
891     0   0   0   0   0   0   0   1   0   0   0   0   0   0   0   0   0   0
1817    0   0   0   0   0   0   0   0   0   0   0   0   0   0   1   0   0   0
1904    0   0   0   0   0   0   0   0   0   0   0   0   0   0   0   1   0   0
2143    0   1   0   0   0   0   0   0   0   0   0   0   0   0   0   0   0   0
2714    0   0   0   0   0   0   0   0   0   0   0   0   0   1   0   0   0   0
2749    0   0   0   0   0   0   0   0   0   1   0   0   0   0   0   0   0   0
3976    0   0   0   0   0   1   0   0   0   0   0   0   0   0   0   0   0   0
4149    0   0   0   0   0   0   0   0   0   0   0   0   0   0   0   0   0   1
4370    0   0   1   0   0   0   0   0   0   0   0   0   0   0   0   0   0   0
6225    1   0   0   0   0   0   0   0   0   0   0   0   0   0   0   0   0   0
6640    0   0   0   0   0   0   0   0   1   0   0   0   0   0   0   0   0   0
6691    0   0   0   0   0   0   0   0   0   0   0   0   0   0   0   0   1   0
7158    0   0   0   1   0   0   0   0   0   0   0   0   0   0   0   0   0   0
8436    0   0   0   0   0   0   1   0   0   0   0   0   0   0   0   0   0   0
10028   0   0   0   0   0   0   0   0   0   0   1   0   0   0   0   0   0   0
18966   0   0   0   0   1   0   0   0   0   0   0   0   0   0   0   0   0   0
19319   0   0   0   0   0   0   0   0   0   0   0   0   1   0   0   0   0   0

:     795 825 829 837 842 845 846 856 860 863 869 871 872 874 876 881 884 889 :=
21      0   0   0   0   0   0   0   0   0   0   0   0   1   0   0   0   0   0
1589    0   0   0   0   0   0   0   0   0   0   0   0   0   0   1   0   0   0
2243    0   0   0   0   0   0   1   0   0   0   0   0   0   0   0   0   0   0
2960    0   0   0   0   0   0   0   0   0   0   0   0   0   0   0   0   0   1
3485    0   0   0   0   0   0   0   0   1   0   0   0   0   0   0   0   0   0
4022    0   0   0   1   0   0   0   0   0   0   0   0   0   0   0   0   0   0
5953    0   0   0   0   0   0   0   0   0   1   0   0   0   0   0   0   0   0
6386    0   0   1   0   0   0   0   0   0   0   0   0   0   0   0   0   0   0
7850    0   0   0   0   0   0   0   0   0   0   0   0   0   0   0   1   0   0
10697   1   0   0   0   0   0   0   0   0   0   0   0   0   0   0   0   0   0
11170   0   1   0   0   0   0   0   0   0   0   0   0   0   0   0   0   0   0
17570   0   0   0   0   0   1   0   0   0   0   0   0   0   0   0   0   0   0
17935   0   0   0   0   1   0   0   0   0   0   0   0   0   0   0   0   0   0
17974   0   0   0   0   0   0   0   0   0   0   0   0   0   0   0   0   1   0
18459   0   0   0   0   0   0   0   0   0   0   0   1   0   0   0   0   0   0
18962   0   0   0   0   0   0   0   0   0   0   0   0   0   1   0   0   0   0
19311   0   0   0   0   0   0   0   0   0   0   1   0   0   0   0   0   0   0
19586   0   0   0   0   0   0   0   1   0   0   0   0   0   0   0   0   0   0

:     890 905 906 915 917 924 925 933 934 936 952 953 962 970 973 986 993    :=
224     0   0   0   0   0   0   0   0   0   0   0   0   0   0   0   0   1
525     0   0   0   0   0   0   0   1   0   0   0   0   0   0   0   0   0
793     0   0   0   0   0   0   1   0   0   0   0   0   0   0   0   0   0
816     0   0   0   0   0   0   0   0   0   0   0   0   0   0   1   0   0
2735    0   0   0   0   0   0   0   0   0   0   0   1   0   0   0   0   0
4009    0   0   1   0   0   0   0   0   0   0   0   0   0   0   0   0   0
4587    0   0   0   0   0   0   0   0   0   0   1   0   0   0   0   0   0
5762    0   0   0   0   0   0   0   0   0   0   0   0   1   0   0   0   0
17386   0   0   0   1   0   0   0   0   0   0   0   0   0   0   0   0   0
17423   1   0   0   0   0   0   0   0   0   0   0   0   0   0   0   0   0
17596   0   0   0   0   1   0   0   0   0   0   0   0   0   0   0   0   0
18289   0   0   0   0   0   0   0   0   0   0   0   0   0   1   0   0   0
18468   0   0   0   0   0   0   0   0   0   1   0   0   0   0   0   0   0
19136   0   1   0   0   0   0   0   0   0   0   0   0   0   0   0   0   0
19152   0   0   0   0   0   1   0   0   0   0   0   0   0   0   0   0   0
19564   0   0   0   0   0   0   0   0   0   0   0   0   0   0   0   1   0
19633   0   0   0   0   0   0   0   0   1   0   0   0   0   0   0   0   0
;

z [*,*]
:       4  10  15  18  20  24  25  27  31  43  53  55  56  58  60  63  67  75 :=
1098    0   0   0   0   0   0   0   0   0   0   0   0   0   0   0   0   1   0
2378    0   0   0   0   1   0   0   0   0   0   0   0   0   0   0   0   0   0
2518    0   0   0   0   0   0   0   0   1   0   0   0   0   0   0   0   0   0
2600    0   0   0   0   0   1   0   0   0   0   0   0   0   0   0   0   0   0
5062    0   0   0   0   0   0   0   0   0   0   0   0   0   0   0   1   0   0
5144    0   0   0   0   0   0   0   1   0   0   0   0   0   0   0   0   0   0
5283    0   0   1   0   0   0   0   0   0   0   0   0   0   0   0   0   0   0
5785    0   0   0   0   0   0   0   0   0   0   0   0   0   0   1   0   0   0
6262    0   0   0   0   0   0   0   0   0   0   0   0   0   0   0   0   0   1
8319    0   0   0   0   0   0   0   0   0   0   1   0   0   0   0   0   0   0
9744    0   0   0   1   0   0   0   0   0   0   0   0   0   0   0   0   0   0
11994   0   1   0   0   0   0   0   0   0   0   0   0   0   0   0   0   0   0
12645   0   0   0   0   0   0   0   0   0   1   0   0   0   0   0   0   0   0
12673   0   0   0   0   0   0   0   0   0   0   0   1   0   0   0   0   0   0
12968   0   0   0   0   0   0   0   0   0   0   0   0   1   0   0   0   0   0
18494   0   0   0   0   0   0   0   0   0   0   0   0   0   1   0   0   0   0
19071   0   0   0   0   0   0   1   0   0   0   0   0   0   0   0   0   0   0
19433   1   0   0   0   0   0   0   0   0   0   0   0   0   0   0   0   0   0

:      77  79  92  98 103 105 111 118 119 120 128 131 133 136 144 150 155 156 :=
148     0   0   0   0   0   0   0   0   0   0   0   0   0   0   1   0   0   0
2707    0   1   0   0   0   0   0   0   0   0   0   0   0   0   0   0   0   0
2834    0   0   0   0   0   0   0   0   0   1   0   0   0   0   0   0   0   0
4148    0   0   0   0   0   0   0   0   0   0   0   0   0   1   0   0   0   0
4398    1   0   0   0   0   0   0   0   0   0   0   0   0   0   0   0   0   0
4859    0   0   0   0   0   0   1   0   0   0   0   0   0   0   0   0   0   0
4939    0   0   0   0   0   0   0   0   0   0   0   0   0   0   0   1   0   0
6127    0   0   0   0   0   0   0   0   0   0   0   0   0   0   0   0   1   0
7092    0   0   0   0   0   0   0   0   0   0   0   0   1   0   0   0   0   0
8681    0   0   0   0   0   0   0   0   0   0   0   1   0   0   0   0   0   0
9434    0   0   0   0   0   0   0   0   1   0   0   0   0   0   0   0   0   0
16116   0   0   0   0   1   0   0   0   0   0   0   0   0   0   0   0   0   0
16392   0   0   1   0   0   0   0   0   0   0   0   0   0   0   0   0   0   0
17743   0   0   0   0   0   0   0   0   0   0   0   0   0   0   0   0   0   1
18085   0   0   0   0   0   0   0   0   0   0   1   0   0   0   0   0   0   0
18280   0   0   0   1   0   0   0   0   0   0   0   0   0   0   0   0   0   0
18544   0   0   0   0   0   1   0   0   0   0   0   0   0   0   0   0   0   0
19152   0   0   0   0   0   0   0   1   0   0   0   0   0   0   0   0   0   0

:     160 163 175 184 188 194 196 199 201 202 204 205 210 225 226 227 228 234 :=
405     0   0   0   1   0   0   0   0   0   0   0   0   0   0   0   0   0   0
1603    0   0   0   0   0   0   0   1   0   0   0   0   0   0   0   0   0   0
1631    0   0   0   0   0   0   0   0   1   0   0   0   0   0   0   0   0   0
4751    0   0   0   0   0   1   0   0   0   0   0   0   0   0   0   0   0   0
5598    0   1   0   0   0   0   0   0   0   0   0   0   0   0   0   0   0   0
6351    0   0   0   0   0   0   0   0   0   0   0   0   1   0   0   0   0   0
6546    0   0   0   0   0   0   0   0   0   0   0   1   0   0   0   0   0   0
7579    0   0   1   0   0   0   0   0   0   0   0   0   0   0   0   0   0   0
8798    0   0   0   0   0   0   0   0   0   0   1   0   0   0   0   0   0   0
9763    0   0   0   0   0   0   0   0   0   0   0   0   0   0   0   0   1   0
12136   0   0   0   0   0   0   0   0   0   0   0   0   0   0   0   0   0   1
12152   1   0   0   0   0   0   0   0   0   0   0   0   0   0   0   0   0   0
13423   0   0   0   0   0   0   0   0   0   0   0   0   0   0   0   1   0   0
15654   0   0   0   0   0   0   0   0   0   0   0   0   0   1   0   0   0   0
16865   0   0   0   0   0   0   0   0   0   1   0   0   0   0   0   0   0   0
18720   0   0   0   0   0   0   0   0   0   0   0   0   0   0   1   0   0   0
18905   0   0   0   0   1   0   0   0   0   0   0   0   0   0   0   0   0   0
19159   0   0   0   0   0   0   1   0   0   0   0   0   0   0   0   0   0   0

:     236 238 239 241 243 248 250 253 255 258 261 265 271 276 280 281 282 286 :=
108     0   0   0   0   0   0   0   0   0   0   0   0   0   0   0   0   1   0
349     0   0   0   0   0   0   0   0   0   0   0   0   0   0   0   0   0   1
719     0   0   0   0   0   0   0   0   0   0   0   0   0   0   0   1   0   0
840     0   0   1   0   0   0   0   0   0   0   0   0   0   0   0   0   0   0
1405    0   0   0   0   0   0   0   0   0   0   1   0   0   0   0   0   0   0
1414    0   0   0   0   0   0   0   0   0   1   0   0   0   0   0   0   0   0
3588    0   0   0   0   0   0   0   0   0   0   0   0   1   0   0   0   0   0
5235    0   0   0   0   0   0   1   0   0   0   0   0   0   0   0   0   0   0
5421    0   0   0   1   0   0   0   0   0   0   0   0   0   0   0   0   0   0
5645    0   0   0   0   0   0   0   0   0   0   0   0   0   0   1   0   0   0
6905    0   0   0   0   1   0   0   0   0   0   0   0   0   0   0   0   0   0
7149    0   0   0   0   0   0   0   0   0   0   0   1   0   0   0   0   0   0
8015    1   0   0   0   0   0   0   0   0   0   0   0   0   0   0   0   0   0
8853    0   1   0   0   0   0   0   0   0   0   0   0   0   0   0   0   0   0
9574    0   0   0   0   0   1   0   0   0   0   0   0   0   0   0   0   0   0
13386   0   0   0   0   0   0   0   1   0   0   0   0   0   0   0   0   0   0
13960   0   0   0   0   0   0   0   0   0   0   0   0   0   1   0   0   0   0
15726   0   0   0   0   0   0   0   0   1   0   0   0   0   0   0   0   0   0

:     294 307 311 319 320 322 327 328 335 338 341 347 350 352 354 358 365 367 :=
365     0   0   0   0   0   0   0   0   0   0   0   0   1   0   0   0   0   0
1201    0   0   0   0   0   0   0   0   0   0   0   0   0   0   0   1   0   0
3049    0   0   0   0   0   0   0   0   0   1   0   0   0   0   0   0   0   0
3818    0   0   0   0   0   0   0   1   0   0   0   0   0   0   0   0   0   0
4268    0   0   0   0   0   0   1   0   0   0   0   0   0   0   0   0   0   0
4494    1   0   0   0   0   0   0   0   0   0   0   0   0   0   0   0   0   0
4760    0   0   0   0   0   0   0   0   0   0   0   0   0   0   0   0   0   1
5068    0   0   0   0   0   0   0   0   0   0   1   0   0   0   0   0   0   0
5821    0   0   0   0   0   0   0   0   0   0   0   0   0   0   0   0   1   0
7715    0   0   0   1   0   0   0   0   0   0   0   0   0   0   0   0   0   0
10222   0   0   0   0   0   0   0   0   1   0   0   0   0   0   0   0   0   0
10685   0   0   0   0   0   0   0   0   0   0   0   1   0   0   0   0   0   0
15475   0   0   0   0   0   0   0   0   0   0   0   0   0   0   1   0   0   0
15907   0   0   0   0   1   0   0   0   0   0   0   0   0   0   0   0   0   0
17118   0   0   1   0   0   0   0   0   0   0   0   0   0   0   0   0   0   0
18163   0   0   0   0   0   1   0   0   0   0   0   0   0   0   0   0   0   0
18600   0   1   0   0   0   0   0   0   0   0   0   0   0   0   0   0   0   0
19309   0   0   0   0   0   0   0   0   0   0   0   0   0   1   0   0   0   0

:     375 378 379 385 386 393 394 401 402 404 413 420 423 426 435 436 449 455 :=
728     0   0   1   0   0   0   0   0   0   0   0   0   0   0   0   0   0   0
1543    0   0   0   0   0   0   0   0   0   0   0   1   0   0   0   0   0   0
2322    0   0   0   0   0   0   0   0   0   0   0   0   0   1   0   0   0   0
3650    0   0   0   1   0   0   0   0   0   0   0   0   0   0   0   0   0   0
6308    0   0   0   0   0   0   0   0   0   0   0   0   1   0   0   0   0   0
6315    0   0   0   0   0   0   0   0   0   0   0   0   0   0   0   0   0   1
7279    0   0   0   0   1   0   0   0   0   0   0   0   0   0   0   0   0   0
7962    1   0   0   0   0   0   0   0   0   0   0   0   0   0   0   0   0   0
8324    0   0   0   0   0   0   0   0   0   1   0   0   0   0   0   0   0   0
8428    0   0   0   0   0   0   0   0   0   0   1   0   0   0   0   0   0   0
8595    0   0   0   0   0   0   1   0   0   0   0   0   0   0   0   0   0   0
12766   0   0   0   0   0   1   0   0   0   0   0   0   0   0   0   0   0   0
13965   0   1   0   0   0   0   0   0   0   0   0   0   0   0   0   0   0   0
14298   0   0   0   0   0   0   0   0   1   0   0   0   0   0   0   0   0   0
15219   0   0   0   0   0   0   0   0   0   0   0   0   0   0   1   0   0   0
16890   0   0   0   0   0   0   0   1   0   0   0   0   0   0   0   0   0   0
18362   0   0   0   0   0   0   0   0   0   0   0   0   0   0   0   1   0   0
19362   0   0   0   0   0   0   0   0   0   0   0   0   0   0   0   0   1   0

:     466 468 475 478 480 486 495 499 504 516 517 537 540 545 551 552 555 560 :=
897     0   0   0   0   0   0   0   0   0   0   0   1   0   0   0   0   0   0
930     1   0   0   0   0   0   0   0   0   0   0   0   0   0   0   0   0   0
1287    0   0   0   0   0   0   0   0   0   0   0   0   1   0   0   0   0   0
1878    0   0   0   0   0   0   0   0   0   0   0   0   0   0   0   1   0   0
2156    0   0   0   0   0   1   0   0   0   0   0   0   0   0   0   0   0   0
2992    0   0   0   0   0   0   0   0   0   0   1   0   0   0   0   0   0   0
5897    0   0   0   0   0   0   1   0   0   0   0   0   0   0   0   0   0   0
7575    0   0   0   1   0   0   0   0   0   0   0   0   0   0   0   0   0   0
10736   0   0   0   0   0   0   0   0   0   0   0   0   0   0   0   0   0   1
11412   0   0   0   0   1   0   0   0   0   0   0   0   0   0   0   0   0   0
12683   0   0   1   0   0   0   0   0   0   0   0   0   0   0   0   0   0   0
13225   0   0   0   0   0   0   0   1   0   0   0   0   0   0   0   0   0   0
16591   0   0   0   0   0   0   0   0   0   0   0   0   0   0   1   0   0   0
17630   0   0   0   0   0   0   0   0   1   0   0   0   0   0   0   0   0   0
17982   0   0   0   0   0   0   0   0   0   0   0   0   0   0   0   0   1   0
18132   0   0   0   0   0   0   0   0   0   1   0   0   0   0   0   0   0   0
18205   0   0   0   0   0   0   0   0   0   0   0   0   0   1   0   0   0   0
19351   0   1   0   0   0   0   0   0   0   0   0   0   0   0   0   0   0   0

:     562 575 585 590 591 593 619 620 622 626 628 635 637 645 649 652 653 654 :=
1347    0   0   0   0   0   0   0   0   0   0   0   0   0   1   0   0   0   0
3413    0   0   0   0   0   0   0   0   0   0   0   0   0   0   0   1   0   0
3770    0   0   0   0   1   0   0   0   0   0   0   0   0   0   0   0   0   0
7102    0   0   0   0   0   0   0   0   0   0   0   0   0   0   0   0   1   0
7489    0   0   0   1   0   0   0   0   0   0   0   0   0   0   0   0   0   0
8498    0   0   0   0   0   0   0   0   0   0   0   1   0   0   0   0   0   0
8625    0   0   0   0   0   0   0   0   0   0   0   0   0   0   1   0   0   0
8992    0   0   1   0   0   0   0   0   0   0   0   0   0   0   0   0   0   0
9612    0   0   0   0   0   0   0   1   0   0   0   0   0   0   0   0   0   0
11339   0   1   0   0   0   0   0   0   0   0   0   0   0   0   0   0   0   0
11421   0   0   0   0   0   0   1   0   0   0   0   0   0   0   0   0   0   0
13464   0   0   0   0   0   0   0   0   0   1   0   0   0   0   0   0   0   0
13923   0   0   0   0   0   0   0   0   0   0   1   0   0   0   0   0   0   0
17973   0   0   0   0   0   0   0   0   1   0   0   0   0   0   0   0   0   0
18328   0   0   0   0   0   0   0   0   0   0   0   0   0   0   0   0   0   1
18990   0   0   0   0   0   0   0   0   0   0   0   0   1   0   0   0   0   0
19412   1   0   0   0   0   0   0   0   0   0   0   0   0   0   0   0   0   0
19639   0   0   0   0   0   1   0   0   0   0   0   0   0   0   0   0   0   0

:     662 668 670 678 691 697 705 714 715 717 723 724 729 735 738 751 757 762 :=
132     0   0   0   0   0   0   1   0   0   0   0   0   0   0   0   0   0   0
394     1   0   0   0   0   0   0   0   0   0   0   0   0   0   0   0   0   0
891     0   0   0   0   0   0   0   0   0   0   0   0   1   0   0   0   0   0
2393    0   0   1   0   0   0   0   0   0   0   0   0   0   0   0   0   0   0
2716    0   0   0   0   0   0   0   0   0   0   0   0   0   0   0   0   0   1
5692    0   0   0   0   0   1   0   0   0   0   0   0   0   0   0   0   0   0
6422    0   0   0   0   0   0   0   0   0   0   0   0   0   0   0   1   0   0
7836    0   0   0   1   0   0   0   0   0   0   0   0   0   0   0   0   0   0
11871   0   0   0   0   0   0   0   0   0   0   0   0   0   1   0   0   0   0
12964   0   0   0   0   0   0   0   0   0   1   0   0   0   0   0   0   0   0
14887   0   0   0   0   0   0   0   0   0   0   0   0   0   0   0   0   1   0
14933   0   1   0   0   0   0   0   0   0   0   0   0   0   0   0   0   0   0
16919   0   0   0   0   1   0   0   0   0   0   0   0   0   0   0   0   0   0
16923   0   0   0   0   0   0   0   0   0   0   1   0   0   0   0   0   0   0
17363   0   0   0   0   0   0   0   0   0   0   0   1   0   0   0   0   0   0
17913   0   0   0   0   0   0   0   0   1   0   0   0   0   0   0   0   0   0
18368   0   0   0   0   0   0   0   1   0   0   0   0   0   0   0   0   0   0
18853   0   0   0   0   0   0   0   0   0   0   0   0   0   0   1   0   0   0

:     765 769 782 788 794 795 802 811 816 825 829 830 842 843 845 846 855 856 :=
520     0   0   1   0   0   0   0   0   0   0   0   0   0   0   0   0   0   0
4768    1   0   0   0   0   0   0   0   0   0   0   0   0   0   0   0   0   0
4908    0   0   0   1   0   0   0   0   0   0   0   0   0   0   0   0   0   0
5565    0   0   0   0   0   0   0   0   0   0   0   0   0   1   0   0   0   0
5795    0   0   0   0   0   0   0   0   0   0   0   0   0   0   0   0   1   0
7267    0   0   0   0   0   0   0   1   0   0   0   0   0   0   0   0   0   0
7376    0   0   0   0   0   0   0   0   0   0   0   0   0   0   0   1   0   0
9333    0   0   0   0   0   0   0   0   0   0   1   0   0   0   0   0   0   0
9790    0   0   0   0   0   0   0   0   0   0   0   0   0   0   0   0   0   1
10260   0   1   0   0   0   0   0   0   0   0   0   0   0   0   0   0   0   0
10302   0   0   0   0   1   0   0   0   0   0   0   0   0   0   0   0   0   0
10871   0   0   0   0   0   0   0   0   0   0   0   0   0   0   1   0   0   0
10977   0   0   0   0   0   0   0   0   0   0   0   1   0   0   0   0   0   0
12180   0   0   0   0   0   1   0   0   0   0   0   0   0   0   0   0   0   0
14829   0   0   0   0   0   0   0   0   0   0   0   0   1   0   0   0   0   0
17709   0   0   0   0   0   0   0   0   0   1   0   0   0   0   0   0   0   0
18797   0   0   0   0   0   0   1   0   0   0   0   0   0   0   0   0   0   0
19248   0   0   0   0   0   0   0   0   1   0   0   0   0   0   0   0   0   0

:     857 859 863 869 870 872 876 884 886 888 889 890 915 917 925 931 933 936 :=
411     1   0   0   0   0   0   0   0   0   0   0   0   0   0   0   0   0   0
2918    0   0   0   0   0   0   0   1   0   0   0   0   0   0   0   0   0   0
3507    0   0   0   0   0   0   0   0   0   0   0   0   0   0   0   1   0   0
4557    0   1   0   0   0   0   0   0   0   0   0   0   0   0   0   0   0   0
6400    0   0   0   0   0   0   0   0   0   0   0   0   1   0   0   0   0   0
6435    0   0   1   0   0   0   0   0   0   0   0   0   0   0   0   0   0   0
6900    0   0   0   1   0   0   0   0   0   0   0   0   0   0   0   0   0   0
6971    0   0   0   0   0   0   0   0   0   0   0   0   0   1   0   0   0   0
7144    0   0   0   0   0   0   0   0   0   0   0   0   0   0   1   0   0   0
7669    0   0   0   0   0   0   0   0   0   0   0   0   0   0   0   0   0   1
7694    0   0   0   0   0   0   1   0   0   0   0   0   0   0   0   0   0   0
8340    0   0   0   0   0   0   0   0   0   1   0   0   0   0   0   0   0   0
8360    0   0   0   0   1   0   0   0   0   0   0   0   0   0   0   0   0   0
8758    0   0   0   0   0   1   0   0   0   0   0   0   0   0   0   0   0   0
9067    0   0   0   0   0   0   0   0   0   0   0   0   0   0   0   0   1   0
11393   0   0   0   0   0   0   0   0   0   0   0   1   0   0   0   0   0   0
16663   0   0   0   0   0   0   0   0   1   0   0   0   0   0   0   0   0   0
17778   0   0   0   0   0   0   0   0   0   0   1   0   0   0   0   0   0   0

:     940 945 949 950 952 957 958 965 967 968 970 971 972 973 975 981 986 993 :=
355     0   0   0   0   0   0   0   0   0   1   0   0   0   0   0   0   0   0
2116    0   0   0   0   0   0   0   0   0   0   1   0   0   0   0   0   0   0
4037    0   0   0   0   0   1   0   0   0   0   0   0   0   0   0   0   0   0
4877    0   0   0   0   0   0   0   0   0   0   0   0   0   1   0   0   0   0
5595    0   0   0   0   0   0   0   0   0   0   0   0   1   0   0   0   0   0
5813    0   0   0   0   0   0   0   0   0   0   0   0   0   0   0   0   0   1
6395    0   0   0   0   0   0   0   0   0   0   0   0   0   0   0   1   0   0
6930    0   1   0   0   0   0   0   0   0   0   0   0   0   0   0   0   0   0
8302    0   0   1   0   0   0   0   0   0   0   0   0   0   0   0   0   0   0
9158    0   0   0   1   0   0   0   0   0   0   0   0   0   0   0   0   0   0
9258    0   0   0   0   1   0   0   0   0   0   0   0   0   0   0   0   0   0
9803    0   0   0   0   0   0   0   0   0   0   0   0   0   0   0   0   1   0
11298   0   0   0   0   0   0   0   1   0   0   0   0   0   0   0   0   0   0
13246   0   0   0   0   0   0   0   0   1   0   0   0   0   0   0   0   0   0
15613   1   0   0   0   0   0   0   0   0   0   0   0   0   0   0   0   0   0
17450   0   0   0   0   0   0   1   0   0   0   0   0   0   0   0   0   0   0
17624   0   0   0   0   0   0   0   0   0   0   0   0   0   0   1   0   0   0
18817   0   0   0   0   0   0   0   0   0   0   0   1   0   0   0   0   0   0

:     997    :=
8530    1
;

z [*,*]
:       2   4  10  18  24  27  43  53  55  60  69  72  75  92  98 111 113 119 :=
368     1   0   0   0   0   0   0   0   0   0   0   0   0   0   0   0   0   0
1003    0   0   0   0   0   0   0   0   0   0   0   1   0   0   0   0   0   0
1200    0   1   0   0   0   0   0   0   0   0   0   0   0   0   0   0   0   0
1730    0   0   0   0   0   0   0   0   0   0   0   0   0   0   0   0   0   1
2272    0   0   0   0   0   0   0   0   0   0   0   0   0   1   0   0   0   0
3445    0   0   0   0   0   0   0   1   0   0   0   0   0   0   0   0   0   0
3676    0   0   0   0   0   0   0   0   0   0   0   0   0   0   1   0   0   0
3934    0   0   0   0   0   0   0   0   0   0   0   0   0   0   0   0   1   0
4009    0   0   0   0   0   0   1   0   0   0   0   0   0   0   0   0   0   0
4842    0   0   0   0   0   0   0   0   0   0   0   0   0   0   0   1   0   0
4851    0   0   0   0   0   0   0   0   0   1   0   0   0   0   0   0   0   0
6204    0   0   1   0   0   0   0   0   0   0   0   0   0   0   0   0   0   0
17720   0   0   0   0   0   0   0   0   0   0   0   0   1   0   0   0   0   0
17727   0   0   0   0   0   1   0   0   0   0   0   0   0   0   0   0   0   0
18215   0   0   0   0   1   0   0   0   0   0   0   0   0   0   0   0   0   0
18278   0   0   0   0   0   0   0   0   1   0   0   0   0   0   0   0   0   0
18562   0   0   0   0   0   0   0   0   0   0   1   0   0   0   0   0   0   0
19686   0   0   0   1   0   0   0   0   0   0   0   0   0   0   0   0   0   0

:     160 162 183 188 195 198 199 205 234 248 260 265 299 303 311 320 321 385 :=
175     0   0   0   0   0   0   0   0   0   0   0   0   0   1   0   0   0   0
1228    0   0   1   0   0   0   0   0   0   0   0   0   0   0   0   0   0   0
1904    0   0   0   0   0   0   0   0   0   0   0   1   0   0   0   0   0   0
2869    0   0   0   0   0   0   0   0   0   0   0   0   0   0   0   0   0   1
4071    0   0   0   0   0   0   0   0   0   0   0   0   0   0   0   1   0   0
5502    1   0   0   0   0   0   0   0   0   0   0   0   0   0   0   0   0   0
5554    0   0   0   0   0   0   0   0   0   1   0   0   0   0   0   0   0   0
5675    0   0   0   0   0   0   0   0   0   0   0   0   0   0   0   0   1   0
6640    0   0   0   0   0   0   0   1   0   0   0   0   0   0   0   0   0   0
7780    0   0   0   0   0   0   0   0   1   0   0   0   0   0   0   0   0   0
9201    0   0   0   0   0   0   0   0   0   0   0   0   0   0   1   0   0   0
17388   0   0   0   0   0   0   1   0   0   0   0   0   0   0   0   0   0   0
17423   0   0   0   1   0   0   0   0   0   0   0   0   0   0   0   0   0   0
17609   0   0   0   0   0   1   0   0   0   0   0   0   0   0   0   0   0   0
17635   0   1   0   0   0   0   0   0   0   0   0   0   0   0   0   0   0   0
17935   0   0   0   0   1   0   0   0   0   0   0   0   0   0   0   0   0   0
18335   0   0   0   0   0   0   0   0   0   0   0   0   1   0   0   0   0   0
19153   0   0   0   0   0   0   0   0   0   0   1   0   0   0   0   0   0   0

:     393 402 411 423 445 446 455 467 475 478 502 526 540 551 560 561 583 591 :=
423     0   0   0   0   0   1   0   0   0   0   0   0   0   0   0   0   0   0
2371    0   0   0   0   0   0   0   0   0   0   1   0   0   0   0   0   0   0
2848    0   1   0   0   0   0   0   0   0   0   0   0   0   0   0   0   0   0
3182    0   0   0   0   0   0   0   0   0   0   0   0   0   0   0   0   1   0
3662    0   0   0   0   0   0   0   0   0   0   0   1   0   0   0   0   0   0
3952    1   0   0   0   0   0   0   0   0   0   0   0   0   0   0   0   0   0
6328    0   0   0   0   0   0   0   0   0   0   0   0   0   0   0   0   0   1
7080    0   0   0   0   0   0   0   0   0   0   0   0   0   1   0   0   0   0
7113    0   0   0   0   1   0   0   0   0   0   0   0   0   0   0   0   0   0
9260    0   0   0   0   0   0   0   0   0   1   0   0   0   0   0   0   0   0
16995   0   0   0   0   0   0   0   0   0   0   0   0   0   0   0   1   0   0
17442   0   0   0   0   0   0   1   0   0   0   0   0   0   0   0   0   0   0
17780   0   0   0   0   0   0   0   0   0   0   0   0   1   0   0   0   0   0
17809   0   0   1   0   0   0   0   0   0   0   0   0   0   0   0   0   0   0
18452   0   0   0   0   0   0   0   1   0   0   0   0   0   0   0   0   0   0
18748   0   0   0   0   0   0   0   0   1   0   0   0   0   0   0   0   0   0
19168   0   0   0   1   0   0   0   0   0   0   0   0   0   0   0   0   0   0
19311   0   0   0   0   0   0   0   0   0   0   0   0   0   0   1   0   0   0

:     609 619 624 626 633 635 637 652 668 669 691 695 723 735 736 757 762 765 :=
2023    0   0   0   0   0   0   0   1   0   0   0   0   0   0   0   0   0   0
2410    0   0   0   0   0   0   0   0   0   0   0   0   0   0   0   1   0   0
2882    0   0   0   0   0   0   0   0   1   0   0   0   0   0   0   0   0   0
3462    0   0   0   0   0   0   0   0   0   0   0   0   0   0   0   0   0   1
3702    0   0   0   1   0   0   0   0   0   0   0   0   0   0   0   0   0   0
3723    1   0   0   0   0   0   0   0   0   0   0   0   0   0   0   0   0   0
3807    0   0   0   0   0   0   0   0   0   0   0   0   1   0   0   0   0   0
4443    0   0   0   0   0   0   0   0   0   0   0   0   0   0   1   0   0   0
6386    0   0   0   0   0   0   0   0   0   1   0   0   0   0   0   0   0   0
8083    0   1   0   0   0   0   0   0   0   0   0   0   0   0   0   0   0   0
9575    0   0   0   0   0   0   0   0   0   0   0   1   0   0   0   0   0   0
10135   0   0   1   0   0   0   0   0   0   0   0   0   0   0   0   0   0   0
14657   0   0   0   0   0   0   1   0   0   0   0   0   0   0   0   0   0   0
17553   0   0   0   0   0   0   0   0   0   0   0   0   0   1   0   0   0   0
18127   0   0   0   0   0   0   0   0   0   0   0   0   0   0   0   0   1   0
18136   0   0   0   0   1   0   0   0   0   0   0   0   0   0   0   0   0   0
19420   0   0   0   0   0   0   0   0   0   0   1   0   0   0   0   0   0   0
19586   0   0   0   0   0   1   0   0   0   0   0   0   0   0   0   0   0   0

:     769 776 779 788 794 795 825 860 863 872 876 889 906 915 924 933 934 936 :=
101     0   0   0   0   0   0   0   0   1   0   0   0   0   0   0   0   0   0
691     0   0   0   0   1   0   0   0   0   0   0   0   0   0   0   0   0   0
1335    0   0   0   0   0   0   0   0   0   0   0   0   0   1   0   0   0   0
1622    0   0   0   0   0   0   0   0   0   0   0   0   0   0   0   0   0   1
2613    0   0   0   1   0   0   0   0   0   0   0   0   0   0   0   0   0   0
3701    0   0   0   0   0   0   0   0   0   0   0   0   1   0   0   0   0   0
4992    0   0   0   0   0   1   0   0   0   0   0   0   0   0   0   0   0   0
7289    1   0   0   0   0   0   0   0   0   0   0   0   0   0   0   0   0   0
7850    0   0   0   0   0   0   0   0   0   0   0   0   0   0   0   1   0   0
8046    0   0   0   0   0   0   1   0   0   0   0   0   0   0   0   0   0   0
17437   0   0   0   0   0   0   0   1   0   0   0   0   0   0   0   0   0   0
17498   0   0   0   0   0   0   0   0   0   0   0   0   0   0   1   0   0   0
17595   0   0   1   0   0   0   0   0   0   0   0   0   0   0   0   0   0   0
18385   0   1   0   0   0   0   0   0   0   0   0   0   0   0   0   0   0   0
18405   0   0   0   0   0   0   0   0   0   1   0   0   0   0   0   0   0   0
18518   0   0   0   0   0   0   0   0   0   0   0   1   0   0   0   0   0   0
18532   0   0   0   0   0   0   0   0   0   0   1   0   0   0   0   0   0   0
19552   0   0   0   0   0   0   0   0   0   0   0   0   0   0   0   0   1   0

:     952 962 973 986    :=
1173    0   1   0   0
2717    1   0   0   0
6673    0   0   1   0
18979   0   0   0   1
;

z [*,*]
:       2  10  24  27  43  53  60 111 119 160 162 199 205 248 260 299 320 321 :=
101     0   0   0   0   0   0   0   0   1   0   0   0   0   0   0   0   0   0
1015    0   0   0   0   0   0   0   0   0   0   0   0   0   1   0   0   0   0
1173    0   0   0   0   0   0   0   0   0   0   0   0   0   0   0   1   0   0
1622    0   0   1   0   0   0   0   0   0   0   0   0   0   0   0   0   0   0
2788    0   0   0   0   0   0   0   0   0   0   0   0   0   0   0   0   0   1
3676    0   1   0   0   0   0   0   0   0   0   0   0   0   0   0   0   0   0
3911    0   0   0   0   0   0   0   1   0   0   0   0   0   0   0   0   0   0
4373    0   0   0   0   0   0   0   0   0   0   0   0   1   0   0   0   0   0
5124    0   0   0   0   0   0   0   0   0   0   0   0   0   0   0   0   1   0
5285    0   0   0   0   0   0   0   0   0   1   0   0   0   0   0   0   0   0
9201    1   0   0   0   0   0   0   0   0   0   0   0   0   0   0   0   0   0
17595   0   0   0   0   0   0   0   0   0   0   1   0   0   0   0   0   0   0
17706   0   0   0   0   0   0   0   0   0   0   0   0   0   0   1   0   0   0
18093   0   0   0   0   0   0   1   0   0   0   0   0   0   0   0   0   0   0
19072   0   0   0   0   1   0   0   0   0   0   0   0   0   0   0   0   0   0
19136   0   0   0   1   0   0   0   0   0   0   0   0   0   0   0   0   0   0
19144   0   0   0   0   0   0   0   0   0   0   0   1   0   0   0   0   0   0
19543   0   0   0   0   0   1   0   0   0   0   0   0   0   0   0   0   0   0

:     402 423 446 455 475 478 502 551 561 609 619 633 637 691 695 723 735 762 :=
406     0   0   0   0   1   0   0   0   0   0   0   0   0   0   0   0   0   0
760     0   0   0   0   0   1   0   0   0   0   0   0   0   0   0   0   0   0
2272    0   0   0   0   0   0   0   0   0   1   0   0   0   0   0   0   0   0
2439    0   0   0   0   0   0   0   0   0   0   1   0   0   0   0   0   0   0
2558    0   0   0   1   0   0   0   0   0   0   0   0   0   0   0   0   0   0
3182    0   0   0   0   0   0   0   1   0   0   0   0   0   0   0   0   0   0
4022    0   0   0   0   0   0   0   0   0   0   0   0   0   0   0   0   0   1
4332    0   1   0   0   0   0   0   0   0   0   0   0   0   0   0   0   0   0
4824    0   0   0   0   0   0   0   0   0   0   0   0   0   0   0   1   0   0
5204    0   0   0   0   0   0   0   0   0   0   0   1   0   0   0   0   0   0
8963    0   0   0   0   0   0   0   0   0   0   0   0   0   0   1   0   0   0
16576   0   0   0   0   0   0   0   0   1   0   0   0   0   0   0   0   0   0
17935   0   0   0   0   0   0   0   0   0   0   0   0   0   0   0   0   1   0
18405   0   0   0   0   0   0   1   0   0   0   0   0   0   0   0   0   0   0
18650   0   0   1   0   0   0   0   0   0   0   0   0   0   0   0   0   0   0
19434   0   0   0   0   0   0   0   0   0   0   0   0   0   1   0   0   0   0
19586   0   0   0   0   0   0   0   0   0   0   0   0   1   0   0   0   0   0
19725   1   0   0   0   0   0   0   0   0   0   0   0   0   0   0   0   0   0

:     769 788 795 825 863 872 906 915 924 934 973 986    :=
2854    0   0   0   0   0   0   0   0   1   0   0   0
3662    0   0   0   0   0   0   0   1   0   0   0   0
4370    0   0   0   0   0   0   1   0   0   0   0   0
7814    0   0   0   0   0   0   0   0   0   0   0   1
7850    0   0   0   0   0   0   0   0   0   0   1   0
8083    1   0   0   0   0   0   0   0   0   0   0   0
9618    0   0   0   1   0   0   0   0   0   0   0   0
13761   0   0   1   0   0   0   0   0   0   0   0   0
17699   0   0   0   0   0   0   0   0   0   1   0   0
18186   0   1   0   0   0   0   0   0   0   0   0   0
19406   0   0   0   0   0   1   0   0   0   0   0   0
19473   0   0   0   0   1   0   0   0   0   0   0   0
;

