        1   2   3   4   5   6   7   8   9  10  11  12  13  14  15  16  17  18  
5283    0   0   0   0   0   0   0   0   0   0   0   0   0   0   1   0   0   0
9744    0   0   0   0   0   0   0   0   0   0   0   0   0   0   0   0   0   1
11994   0   0   0   0   0   0   0   0   0   1   0   0   0   0   0   0   0   0
19433   0   0   0   1   0   0   0   0   0   0   0   0   0   0   0   0   0   0

       19  20  21  22  23  24  25  26  27  28  29  30  31  32  33  34  35  36  
2378    0   1   0   0   0   0   0   0   0   0   0   0   0   0   0   0   0   0
2518    0   0   0   0   0   0   0   0   0   0   0   0   1   0   0   0   0   0
2600    0   0   0   0   0   1   0   0   0   0   0   0   0   0   0   0   0   0
5144    0   0   0   0   0   0   0   0   1   0   0   0   0   0   0   0   0   0
19071   0   0   0   0   0   0   1   0   0   0   0   0   0   0   0   0   0   0

       37  38  39  40  41  42  43  44  45  46  47  48  49  50  51  52  53  54  
8319    0   0   0   0   0   0   0   0   0   0   0   0   0   0   0   0   1   0
12645   0   0   0   0   0   0   1   0   0   0   0   0   0   0   0   0   0   0

       55  56  57  58  59  60  61  62  63  64  65  66  67  68  69  70  71  72  
1098    0   0   0   0   0   0   0   0   0   0   0   0   1   0   0   0   0   0
5062    0   0   0   0   0   0   0   0   1   0   0   0   0   0   0   0   0   0
5785    0   0   0   0   0   1   0   0   0   0   0   0   0   0   0   0   0   0
12673   1   0   0   0   0   0   0   0   0   0   0   0   0   0   0   0   0   0
12968   0   1   0   0   0   0   0   0   0   0   0   0   0   0   0   0   0   0
18494   0   0   0   1   0   0   0   0   0   0   0   0   0   0   0   0   0   0

       73  74  75  76  77  78  79  80  81  82  83  84  85  86  87  88  89  90  
2707    0   0   0   0   0   0   1   0   0   0   0   0   0   0   0   0   0   0
4398    0   0   0   0   1   0   0   0   0   0   0   0   0   0   0   0   0   0
6262    0   0   1   0   0   0   0   0   0   0   0   0   0   0   0   0   0   0

       91  92  93  94  95  96  97  98  99 100 101 102 103 104 105 106 107 108  
16116   0   0   0   0   0   0   0   0   0   0   0   0   1   0   0   0   0   0
16392   0   1   0   0   0   0   0   0   0   0   0   0   0   0   0   0   0   0
18280   0   0   0   0   0   0   0   1   0   0   0   0   0   0   0   0   0   0
18544   0   0   0   0   0   0   0   0   0   0   0   0   0   0   1   0   0   0

      109 110 111 112 113 114 115 116 117 118 119 120 121 122 123 124 125 126  
2834    0   0   0   0   0   0   0   0   0   0   0   1   0   0   0   0   0   0
4859    0   0   1   0   0   0   0   0   0   0   0   0   0   0   0   0   0   0
9434    0   0   0   0   0   0   0   0   0   0   1   0   0   0   0   0   0   0
19152   0   0   0   0   0   0   0   0   0   1   0   0   0   0   0   0   0   0

      127 128 129 130 131 132 133 134 135 136 137 138 139 140 141 142 143 144  
148     0   0   0   0   0   0   0   0   0   0   0   0   0   0   0   0   0   1
4148    0   0   0   0   0   0   0   0   0   1   0   0   0   0   0   0   0   0
7092    0   0   0   0   0   0   1   0   0   0   0   0   0   0   0   0   0   0
8681    0   0   0   0   1   0   0   0   0   0   0   0   0   0   0   0   0   0
18085   0   1   0   0   0   0   0   0   0   0   0   0   0   0   0   0   0   0

      145 146 147 148 149 150 151 152 153 154 155 156 157 158 159 160 161 162  
4939    0   0   0   0   0   1   0   0   0   0   0   0   0   0   0   0   0   0
6127    0   0   0   0   0   0   0   0   0   0   1   0   0   0   0   0   0   0
12152   0   0   0   0   0   0   0   0   0   0   0   0   0   0   0   1   0   0
17743   0   0   0   0   0   0   0   0   0   0   0   1   0   0   0   0   0   0

      163 164 165 166 167 168 169 170 171 172 173 174 175 176 177 178 179 180  
5598    1   0   0   0   0   0   0   0   0   0   0   0   0   0   0   0   0   0
7579    0   0   0   0   0   0   0   0   0   0   0   0   1   0   0   0   0   0

      181 182 183 184 185 186 187 188 189 190 191 192 193 194 195 196 197 198  
405     0   0   0   1   0   0   0   0   0   0   0   0   0   0   0   0   0   0
4751    0   0   0   0   0   0   0   0   0   0   0   0   0   1   0   0   0   0
18905   0   0   0   0   0   0   0   1   0   0   0   0   0   0   0   0   0   0
19159   0   0   0   0   0   0   0   0   0   0   0   0   0   0   0   1   0   0

      199 200 201 202 203 204 205 206 207 208 209 210 211 212 213 214 215 216  
1603    1   0   0   0   0   0   0   0   0   0   0   0   0   0   0   0   0   0
1631    0   0   1   0   0   0   0   0   0   0   0   0   0   0   0   0   0   0
6351    0   0   0   0   0   0   0   0   0   0   0   1   0   0   0   0   0   0
6546    0   0   0   0   0   0   1   0   0   0   0   0   0   0   0   0   0   0
8798    0   0   0   0   0   1   0   0   0   0   0   0   0   0   0   0   0   0
16865   0   0   0   1   0   0   0   0   0   0   0   0   0   0   0   0   0   0

      217 218 219 220 221 222 223 224 225 226 227 228 229 230 231 232 233 234  
9763    0   0   0   0   0   0   0   0   0   0   0   1   0   0   0   0   0   0
12136   0   0   0   0   0   0   0   0   0   0   0   0   0   0   0   0   0   1
13423   0   0   0   0   0   0   0   0   0   0   1   0   0   0   0   0   0   0
15654   0   0   0   0   0   0   0   0   1   0   0   0   0   0   0   0   0   0
18720   0   0   0   0   0   0   0   0   0   1   0   0   0   0   0   0   0   0

      235 236 237 238 239 240 241 242 243 244 245 246 247 248 249 250 251 252  
840     0   0   0   0   1   0   0   0   0   0   0   0   0   0   0   0   0   0
5235    0   0   0   0   0   0   0   0   0   0   0   0   0   0   0   1   0   0
5421    0   0   0   0   0   0   1   0   0   0   0   0   0   0   0   0   0   0
6905    0   0   0   0   0   0   0   0   1   0   0   0   0   0   0   0   0   0
8015    0   1   0   0   0   0   0   0   0   0   0   0   0   0   0   0   0   0
8853    0   0   0   1   0   0   0   0   0   0   0   0   0   0   0   0   0   0
9574    0   0   0   0   0   0   0   0   0   0   0   0   0   1   0   0   0   0

      253 254 255 256 257 258 259 260 261 262 263 264 265 266 267 268 269 270  
1405    0   0   0   0   0   0   0   0   1   0   0   0   0   0   0   0   0   0
1414    0   0   0   0   0   1   0   0   0   0   0   0   0   0   0   0   0   0
7149    0   0   0   0   0   0   0   0   0   0   0   0   1   0   0   0   0   0
13386   1   0   0   0   0   0   0   0   0   0   0   0   0   0   0   0   0   0
15726   0   0   1   0   0   0   0   0   0   0   0   0   0   0   0   0   0   0

      271 272 273 274 275 276 277 278 279 280 281 282 283 284 285 286 287 288  
108     0   0   0   0   0   0   0   0   0   0   0   1   0   0   0   0   0   0
349     0   0   0   0   0   0   0   0   0   0   0   0   0   0   0   1   0   0
719     0   0   0   0   0   0   0   0   0   0   1   0   0   0   0   0   0   0
3588    1   0   0   0   0   0   0   0   0   0   0   0   0   0   0   0   0   0
5645    0   0   0   0   0   0   0   0   0   1   0   0   0   0   0   0   0   0
13960   0   0   0   0   0   1   0   0   0   0   0   0   0   0   0   0   0   0

      289 290 291 292 293 294 295 296 297 298 299 300 301 302 303 304 305 306  
4494    0   0   0   0   0   1   0   0   0   0   0   0   0   0   0   0   0   0

      307 308 309 310 311 312 313 314 315 316 317 318 319 320 321 322 323 324  
7715    0   0   0   0   0   0   0   0   0   0   0   0   1   0   0   0   0   0
15907   0   0   0   0   0   0   0   0   0   0   0   0   0   1   0   0   0   0
17118   0   0   0   0   1   0   0   0   0   0   0   0   0   0   0   0   0   0
18163   0   0   0   0   0   0   0   0   0   0   0   0   0   0   0   1   0   0
18600   1   0   0   0   0   0   0   0   0   0   0   0   0   0   0   0   0   0

      325 326 327 328 329 330 331 332 333 334 335 336 337 338 339 340 341 342  
3049    0   0   0   0   0   0   0   0   0   0   0   0   0   1   0   0   0   0
3818    0   0   0   1   0   0   0   0   0   0   0   0   0   0   0   0   0   0
4268    0   0   1   0   0   0   0   0   0   0   0   0   0   0   0   0   0   0
5068    0   0   0   0   0   0   0   0   0   0   0   0   0   0   0   0   1   0
10222   0   0   0   0   0   0   0   0   0   0   1   0   0   0   0   0   0   0

      343 344 345 346 347 348 349 350 351 352 353 354 355 356 357 358 359 360  
365     0   0   0   0   0   0   0   1   0   0   0   0   0   0   0   0   0   0
1201    0   0   0   0   0   0   0   0   0   0   0   0   0   0   0   1   0   0
10685   0   0   0   0   1   0   0   0   0   0   0   0   0   0   0   0   0   0
15475   0   0   0   0   0   0   0   0   0   0   0   1   0   0   0   0   0   0
19309   0   0   0   0   0   0   0   0   0   1   0   0   0   0   0   0   0   0

      361 362 363 364 365 366 367 368 369 370 371 372 373 374 375 376 377 378  
4760    0   0   0   0   0   0   1   0   0   0   0   0   0   0   0   0   0   0
5821    0   0   0   0   1   0   0   0   0   0   0   0   0   0   0   0   0   0
7962    0   0   0   0   0   0   0   0   0   0   0   0   0   0   1   0   0   0
13965   0   0   0   0   0   0   0   0   0   0   0   0   0   0   0   0   0   1

      379 380 381 382 383 384 385 386 387 388 389 390 391 392 393 394 395 396  
728     1   0   0   0   0   0   0   0   0   0   0   0   0   0   0   0   0   0
3650    0   0   0   0   0   0   1   0   0   0   0   0   0   0   0   0   0   0
7279    0   0   0   0   0   0   0   1   0   0   0   0   0   0   0   0   0   0
8595    0   0   0   0   0   0   0   0   0   0   0   0   0   0   0   1   0   0
12766   0   0   0   0   0   0   0   0   0   0   0   0   0   0   1   0   0   0

      397 398 399 400 401 402 403 404 405 406 407 408 409 410 411 412 413 414  
8324    0   0   0   0   0   0   0   1   0   0   0   0   0   0   0   0   0   0
8428    0   0   0   0   0   0   0   0   0   0   0   0   0   0   0   0   1   0
14298   0   0   0   0   0   1   0   0   0   0   0   0   0   0   0   0   0   0
16890   0   0   0   0   1   0   0   0   0   0   0   0   0   0   0   0   0   0

      415 416 417 418 419 420 421 422 423 424 425 426 427 428 429 430 431 432  
1543    0   0   0   0   0   1   0   0   0   0   0   0   0   0   0   0   0   0
2322    0   0   0   0   0   0   0   0   0   0   0   1   0   0   0   0   0   0
6308    0   0   0   0   0   0   0   0   1   0   0   0   0   0   0   0   0   0

      433 434 435 436 437 438 439 440 441 442 443 444 445 446 447 448 449 450  
15219   0   0   1   0   0   0   0   0   0   0   0   0   0   0   0   0   0   0
18362   0   0   0   1   0   0   0   0   0   0   0   0   0   0   0   0   0   0
19362   0   0   0   0   0   0   0   0   0   0   0   0   0   0   0   0   1   0

      451 452 453 454 455 456 457 458 459 460 461 462 463 464 465 466 467 468  
930     0   0   0   0   0   0   0   0   0   0   0   0   0   0   0   1   0   0
6315    0   0   0   0   1   0   0   0   0   0   0   0   0   0   0   0   0   0
19351   0   0   0   0   0   0   0   0   0   0   0   0   0   0   0   0   0   1

      469 470 471 472 473 474 475 476 477 478 479 480 481 482 483 484 485 486  
2156    0   0   0   0   0   0   0   0   0   0   0   0   0   0   0   0   0   1
7575    0   0   0   0   0   0   0   0   0   1   0   0   0   0   0   0   0   0
11412   0   0   0   0   0   0   0   0   0   0   0   1   0   0   0   0   0   0
12683   0   0   0   0   0   0   1   0   0   0   0   0   0   0   0   0   0   0

      487 488 489 490 491 492 493 494 495 496 497 498 499 500 501 502 503 504  
5897    0   0   0   0   0   0   0   0   1   0   0   0   0   0   0   0   0   0
13225   0   0   0   0   0   0   0   0   0   0   0   0   1   0   0   0   0   0
17630   0   0   0   0   0   0   0   0   0   0   0   0   0   0   0   0   0   1

      505 506 507 508 509 510 511 512 513 514 515 516 517 518 519 520 521 522  
2992    0   0   0   0   0   0   0   0   0   0   0   0   1   0   0   0   0   0
18132   0   0   0   0   0   0   0   0   0   0   0   1   0   0   0   0   0   0

      523 524 525 526 527 528 529 530 531 532 533 534 535 536 537 538 539 540  
897     0   0   0   0   0   0   0   0   0   0   0   0   0   0   1   0   0   0
1287    0   0   0   0   0   0   0   0   0   0   0   0   0   0   0   0   0   1

      541 542 543 544 545 546 547 548 549 550 551 552 553 554 555 556 557 558  
1878    0   0   0   0   0   0   0   0   0   0   0   1   0   0   0   0   0   0
16591   0   0   0   0   0   0   0   0   0   0   1   0   0   0   0   0   0   0
17982   0   0   0   0   0   0   0   0   0   0   0   0   0   0   1   0   0   0
18205   0   0   0   0   1   0   0   0   0   0   0   0   0   0   0   0   0   0

      559 560 561 562 563 564 565 566 567 568 569 570 571 572 573 574 575 576  
10736   0   1   0   0   0   0   0   0   0   0   0   0   0   0   0   0   0   0
11339   0   0   0   0   0   0   0   0   0   0   0   0   0   0   0   0   1   0
19412   0   0   0   1   0   0   0   0   0   0   0   0   0   0   0   0   0   0

      577 578 579 580 581 582 583 584 585 586 587 588 589 590 591 592 593 594  
3770    0   0   0   0   0   0   0   0   0   0   0   0   0   0   1   0   0   0
7489    0   0   0   0   0   0   0   0   0   0   0   0   0   1   0   0   0   0
8992    0   0   0   0   0   0   0   0   1   0   0   0   0   0   0   0   0   0
19639   0   0   0   0   0   0   0   0   0   0   0   0   0   0   0   0   1   0

      595 596 597 598 599 600 601 602 603 604 605 606 607 608 609 610 611 612  

      613 614 615 616 617 618 619 620 621 622 623 624 625 626 627 628 629 630  
9612    0   0   0   0   0   0   0   1   0   0   0   0   0   0   0   0   0   0
11421   0   0   0   0   0   0   1   0   0   0   0   0   0   0   0   0   0   0
13464   0   0   0   0   0   0   0   0   0   0   0   0   0   1   0   0   0   0
13923   0   0   0   0   0   0   0   0   0   0   0   0   0   0   0   1   0   0
17973   0   0   0   0   0   0   0   0   0   1   0   0   0   0   0   0   0   0

      631 632 633 634 635 636 637 638 639 640 641 642 643 644 645 646 647 648  
1347    0   0   0   0   0   0   0   0   0   0   0   0   0   0   1   0   0   0
8498    0   0   0   0   1   0   0   0   0   0   0   0   0   0   0   0   0   0
18990   0   0   0   0   0   0   1   0   0   0   0   0   0   0   0   0   0   0

      649 650 651 652 653 654 655 656 657 658 659 660 661 662 663 664 665 666  
394     0   0   0   0   0   0   0   0   0   0   0   0   0   1   0   0   0   0
3413    0   0   0   1   0   0   0   0   0   0   0   0   0   0   0   0   0   0
7102    0   0   0   0   1   0   0   0   0   0   0   0   0   0   0   0   0   0
8625    1   0   0   0   0   0   0   0   0   0   0   0   0   0   0   0   0   0
18328   0   0   0   0   0   1   0   0   0   0   0   0   0   0   0   0   0   0

      667 668 669 670 671 672 673 674 675 676 677 678 679 680 681 682 683 684  
2393    0   0   0   1   0   0   0   0   0   0   0   0   0   0   0   0   0   0
7836    0   0   0   0   0   0   0   0   0   0   0   1   0   0   0   0   0   0
14933   0   1   0   0   0   0   0   0   0   0   0   0   0   0   0   0   0   0

      685 686 687 688 689 690 691 692 693 694 695 696 697 698 699 700 701 702  
5692    0   0   0   0   0   0   0   0   0   0   0   0   1   0   0   0   0   0
16919   0   0   0   0   0   0   1   0   0   0   0   0   0   0   0   0   0   0

      703 704 705 706 707 708 709 710 711 712 713 714 715 716 717 718 719 720  
132     0   0   1   0   0   0   0   0   0   0   0   0   0   0   0   0   0   0
12964   0   0   0   0   0   0   0   0   0   0   0   0   0   0   1   0   0   0
17913   0   0   0   0   0   0   0   0   0   0   0   0   1   0   0   0   0   0
18368   0   0   0   0   0   0   0   0   0   0   0   1   0   0   0   0   0   0

      721 722 723 724 725 726 727 728 729 730 731 732 733 734 735 736 737 738  
891     0   0   0   0   0   0   0   0   1   0   0   0   0   0   0   0   0   0
11871   0   0   0   0   0   0   0   0   0   0   0   0   0   0   1   0   0   0
16923   0   0   1   0   0   0   0   0   0   0   0   0   0   0   0   0   0   0
17363   0   0   0   1   0   0   0   0   0   0   0   0   0   0   0   0   0   0
18853   0   0   0   0   0   0   0   0   0   0   0   0   0   0   0   0   0   1

      739 740 741 742 743 744 745 746 747 748 749 750 751 752 753 754 755 756  
6422    0   0   0   0   0   0   0   0   0   0   0   0   1   0   0   0   0   0

      757 758 759 760 761 762 763 764 765 766 767 768 769 770 771 772 773 774  
2716    0   0   0   0   0   1   0   0   0   0   0   0   0   0   0   0   0   0
4768    0   0   0   0   0   0   0   0   1   0   0   0   0   0   0   0   0   0
10260   0   0   0   0   0   0   0   0   0   0   0   0   1   0   0   0   0   0
14887   1   0   0   0   0   0   0   0   0   0   0   0   0   0   0   0   0   0

      775 776 777 778 779 780 781 782 783 784 785 786 787 788 789 790 791 792  
520     0   0   0   0   0   0   0   1   0   0   0   0   0   0   0   0   0   0
4908    0   0   0   0   0   0   0   0   0   0   0   0   0   1   0   0   0   0

      793 794 795 796 797 798 799 800 801 802 803 804 805 806 807 808 809 810  
10302   0   1   0   0   0   0   0   0   0   0   0   0   0   0   0   0   0   0
12180   0   0   1   0   0   0   0   0   0   0   0   0   0   0   0   0   0   0
18797   0   0   0   0   0   0   0   0   0   1   0   0   0   0   0   0   0   0

      811 812 813 814 815 816 817 818 819 820 821 822 823 824 825 826 827 828  
7267    1   0   0   0   0   0   0   0   0   0   0   0   0   0   0   0   0   0
17709   0   0   0   0   0   0   0   0   0   0   0   0   0   0   1   0   0   0
19248   0   0   0   0   0   1   0   0   0   0   0   0   0   0   0   0   0   0

      829 830 831 832 833 834 835 836 837 838 839 840 841 842 843 844 845 846  
5565    0   0   0   0   0   0   0   0   0   0   0   0   0   0   1   0   0   0
7376    0   0   0   0   0   0   0   0   0   0   0   0   0   0   0   0   0   1
9333    1   0   0   0   0   0   0   0   0   0   0   0   0   0   0   0   0   0
10871   0   0   0   0   0   0   0   0   0   0   0   0   0   0   0   0   1   0
10977   0   1   0   0   0   0   0   0   0   0   0   0   0   0   0   0   0   0
14829   0   0   0   0   0   0   0   0   0   0   0   0   0   1   0   0   0   0

      847 848 849 850 851 852 853 854 855 856 857 858 859 860 861 862 863 864  
411     0   0   0   0   0   0   0   0   0   0   1   0   0   0   0   0   0   0
4557    0   0   0   0   0   0   0   0   0   0   0   0   1   0   0   0   0   0
5795    0   0   0   0   0   0   0   0   1   0   0   0   0   0   0   0   0   0
6435    0   0   0   0   0   0   0   0   0   0   0   0   0   0   0   0   1   0
9790    0   0   0   0   0   0   0   0   0   1   0   0   0   0   0   0   0   0

      865 866 867 868 869 870 871 872 873 874 875 876 877 878 879 880 881 882  
6900    0   0   0   0   1   0   0   0   0   0   0   0   0   0   0   0   0   0
7694    0   0   0   0   0   0   0   0   0   0   0   1   0   0   0   0   0   0
8360    0   0   0   0   0   1   0   0   0   0   0   0   0   0   0   0   0   0
8758    0   0   0   0   0   0   0   1   0   0   0   0   0   0   0   0   0   0

      883 884 885 886 887 888 889 890 891 892 893 894 895 896 897 898 899 900  
2918    0   1   0   0   0   0   0   0   0   0   0   0   0   0   0   0   0   0
8340    0   0   0   0   0   1   0   0   0   0   0   0   0   0   0   0   0   0
11393   0   0   0   0   0   0   0   1   0   0   0   0   0   0   0   0   0   0
16663   0   0   0   1   0   0   0   0   0   0   0   0   0   0   0   0   0   0
17778   0   0   0   0   0   0   1   0   0   0   0   0   0   0   0   0   0   0

      901 902 903 904 905 906 907 908 909 910 911 912 913 914 915 916 917 918  
6400    0   0   0   0   0   0   0   0   0   0   0   0   0   0   1   0   0   0
6971    0   0   0   0   0   0   0   0   0   0   0   0   0   0   0   0   1   0

      919 920 921 922 923 924 925 926 927 928 929 930 931 932 933 934 935 936  
3507    0   0   0   0   0   0   0   0   0   0   0   0   1   0   0   0   0   0
7144    0   0   0   0   0   0   1   0   0   0   0   0   0   0   0   0   0   0
7669    0   0   0   0   0   0   0   0   0   0   0   0   0   0   0   0   0   1
9067    0   0   0   0   0   0   0   0   0   0   0   0   0   0   1   0   0   0

      937 938 939 940 941 942 943 944 945 946 947 948 949 950 951 952 953 954  
6930    0   0   0   0   0   0   0   0   1   0   0   0   0   0   0   0   0   0
8302    0   0   0   0   0   0   0   0   0   0   0   0   1   0   0   0   0   0
9158    0   0   0   0   0   0   0   0   0   0   0   0   0   1   0   0   0   0
9258    0   0   0   0   0   0   0   0   0   0   0   0   0   0   0   1   0   0
15613   0   0   0   1   0   0   0   0   0   0   0   0   0   0   0   0   0   0

      955 956 957 958 959 960 961 962 963 964 965 966 967 968 969 970 971 972  
355     0   0   0   0   0   0   0   0   0   0   0   0   0   1   0   0   0   0
2116    0   0   0   0   0   0   0   0   0   0   0   0   0   0   0   1   0   0
4037    0   0   1   0   0   0   0   0   0   0   0   0   0   0   0   0   0   0
5595    0   0   0   0   0   0   0   0   0   0   0   0   0   0   0   0   0   1
11298   0   0   0   0   0   0   0   0   0   0   1   0   0   0   0   0   0   0
13246   0   0   0   0   0   0   0   0   0   0   0   0   1   0   0   0   0   0
17450   0   0   0   1   0   0   0   0   0   0   0   0   0   0   0   0   0   0
18817   0   0   0   0   0   0   0   0   0   0   0   0   0   0   0   0   1   0

      973 974 975 976 977 978 979 980 981 982 983 984 985 986 987 988 989 990  
4877    1   0   0   0   0   0   0   0   0   0   0   0   0   0   0   0   0   0
6395    0   0   0   0   0   0   0   0   1   0   0   0   0   0   0   0   0   0
9803    0   0   0   0   0   0   0   0   0   0   0   0   0   1   0   0   0   0
17624   0   0   1   0   0   0   0   0   0   0   0   0   0   0   0   0   0   0

      991 992 993 994 995 996 997 998 999 1000     
5813    0   0   1   0   0   0   0   0   0   0
8530    0   0   0   0   0   0   1   0   0   0

