3548 15 
3653 10 
4935 4  
5664 67 
5666 28 
5967 2 
6563 59 
8141 69 
9227 43 
9640 55 
11519 27
11661 60
12132 31
13908 56
15106 20
17743 35
18290 24
19297 74         
19 95 
1862 144 
2037 136 
2601 87  
2775 79  
2780 115 
4921 76  
6307 93  
7430 131 
9915 91  
13829 89 
16089 92 
18166 75 
18465 120
18782 111
18816 128
19435 133
19672 147
1411 160
1543 204
1782 174
2871 201
3110 162
3190 188
4655 184
5197 156
9222 183
9590 199
9603 155
9903 167
12175 186
13064 195
16164 175
17415 167
18251 178
18308 197


0     ,205 ,210, 227, 228, 229 ,234, 239, 241, 243, 248, 250, 252, 255, 258, 260, 265, 271, 276
653     ,0   ,0   ,0   ,0   ,0   ,0   ,0   ,1   ,0   ,0   ,0   ,0   ,0   ,0   ,0   ,0   ,0   ,0
4943    ,0   ,0   ,0   ,0   ,0   ,0   ,0   ,0   ,0   ,0   ,0   ,0   ,0   ,0   ,0   ,1   ,0   ,0
8321    ,0   ,0   ,0   ,0   ,0   ,0   ,0   ,0   ,1   ,0   ,0   ,0   ,0   ,0   ,0   ,0   ,0   ,0
8570    ,1   ,0   ,0   ,0   ,0   ,0   ,0   ,0   ,0   ,0   ,0   ,0   ,0   ,0   ,0   ,0   ,0   ,0
8891    ,0   ,0   ,0   ,0   ,0   ,0   ,0   ,0   ,0   ,0   ,0   ,0   ,0   ,0   ,1   ,0   ,0   ,0
9212    ,0   ,0   ,0   ,0   ,0   ,0   ,0   ,0   ,0   ,0   ,0   ,0   ,1   ,0   ,0   ,0   ,0   ,0
10241   ,0   ,0   ,0   ,0   ,0   ,0   ,1   ,0   ,0   ,0   ,0   ,0   ,0   ,0   ,0   ,0   ,0   ,0
13406   ,0   ,0   ,0   ,0   ,0   ,0   ,0   ,0   ,0   ,1   ,0   ,0   ,0   ,0   ,0   ,0   ,0   ,0
13898   ,0   ,0   ,0   ,0   ,0   ,0   ,0   ,0   ,0   ,0   ,0   ,0   ,0   ,0   ,0   ,0   ,1   ,0
14342   ,0   ,0   ,0   ,0   ,0   ,0   ,0   ,0   ,0   ,0   ,1   ,0   ,0   ,0   ,0   ,0   ,0   ,0
17994   ,0   ,1   ,0   ,0   ,0   ,0   ,0   ,0   ,0   ,0   ,0   ,0   ,0   ,0   ,0   ,0   ,0   ,0
18033   ,0   ,0   ,0   ,0   ,0   ,0   ,0   ,0   ,0   ,0   ,0   ,0   ,0   ,1   ,0   ,0   ,0   ,0
18389   ,0   ,0   ,0   ,0   ,0   ,0   ,0   ,0   ,0   ,0   ,0   ,0   ,0   ,0   ,0   ,0   ,0   ,1
18409   ,0   ,0   ,0   ,0   ,1   ,0   ,0   ,0   ,0   ,0   ,0   ,0   ,0   ,0   ,0   ,0   ,0   ,0
18608   ,0   ,0   ,0   ,1   ,0   ,0   ,0   ,0   ,0   ,0   ,0   ,0   ,0   ,0   ,0   ,0   ,0   ,0
18660   ,0   ,0   ,0   ,0   ,0   ,0   ,0   ,0   ,0   ,0   ,0   ,1   ,0   ,0   ,0   ,0   ,0   ,0
18937   ,0   ,0   ,0   ,0   ,0   ,1   ,0   ,0   ,0   ,0   ,0   ,0   ,0   ,0   ,0   ,0   ,0   ,0
19553   ,0   ,0   ,1   ,0   ,0   ,0   ,0   ,0   ,0   ,0   ,0   ,0   ,0   ,0   ,0   ,0   ,0   ,0

0      280, 282, 287, 294, 311, 312, 315, 320, 321, 322, 332, 349, 350, 365, 367, 377, 378, 385,
733,     0,   0,   0,   0,   0,   0,   0,   0,   0,   0,   0,   0,   0,   0,   0,   1,   0,   0,
833,     0,   0,   0,   0,   0,   0,   0,   0,   0,   0,   0,   0,   1,   0,   0,   0,   0,   0,
954,     0,   0,   0,   0,   0,   0,   0,   0,   0,   0,   0,   0,   0,   0,   0,   0,   1,   0,
1879,    0,   0,   0,   0,   0,   1,   0,   0,   0,   0,   0,   0,   0,   0,   0,   0,   0,   0,
1921,    0,   0,   0,   0,   0,   0,   0,   0,   0,   0,   1,   0,   0,   0,   0,   0,   0,   0,
2525,    0,   0,   0,   0,   0,   0,   0,   0,   0,   1,   0,   0,   0,   0,   0,   0,   0,   0,
2552,    1,   0,   0,   0,   0,   0,   0,   0,   0,   0,   0,   0,   0,   0,   0,   0,   0,   0,
5309,    0,   0,   0,   0,   0,   0,   0,   0,   0,   0,   0,   0,   0,   0,   1,   0,   0,   0,
6712,    0,   0,   1,   0,   0,   0,   0,   0,   0,   0,   0,   0,   0,   0,   0,   0,   0,   0,
7919,    0,   0,   0,   0,   1,   0,   0,   0,   0,   0,   0,   0,   0,   0,   0,   0,   0,   0,
8945,    0,   0,   0,   0,   0,   0,   0,   0,   1,   0,   0,   0,   0,   0,   0,   0,   0,   0,
9784,    0,   0,   0,   1,   0,   0,   0,   0,   0,   0,   0,   0,   0,   0,   0,   0,   0,   0,
9910,    0,   1,   0,   0,   0,   0,   0,   0,   0,   0,   0,   0,   0,   0,   0,   0,   0,   0,
10694,   0,   0,   0,   0,   0,   0,   0,   0,   0,   0,   0,   0,   0,   0,   0,   0,   0,   1,
11675,   0,   0,   0,   0,   0,   0,   0,   0,   0,   0,   0,   1,   0,   0,   0,   0,   0,   0,
16313,   0,   0,   0,   0,   0,   0,   0,   1,   0,   0,   0,   0,   0,   0,   0,   0,   0,   0,
17894,   0,   0,   0,   0,   0,   0,   1,   0,   0,   0,   0,   0,   0,   0,   0,   0,   0,   0,
18890,   0,   0,   0,   0,   0,   0,   0,   0,   0,   0,   0,   0,   0,   1,   0,   0,   0,   0,

0      394, 395, 397, 398, 401, 402, 404, 411, 413, 420, 426, 431, 435, 436, 446, 449, 455, 468,
1268,    0,   0,   0,   0,   0,   0,   1,   0,   0,   0,   0,   0,   0,   0,   0,   0,   0,   0,
2213,    0,   1,   0,   0,   0,   0,   0,   0,   0,   0,   0,   0,   0,   0,   0,   0,   0,   0,
2949,    0,   0,   0,   0,   0,   0,   0,   0,   0,   0,   1,   0,   0,   0,   0,   0,   0,   0,
3965,    0,   0,   0,   0,   0,   0,   0,   0,   1,   0,   0,   0,   0,   0,   0,   0,   0,   0,
5417,    0,   0,   0,   0,   0,   0,   0,   0,   0,   0,   0,   0,   0,   0,   0,   0,   0,   1,
5494,    0,   0,   0,   0,   0,   0,   0,   0,   0,   0,   0,   0,   0,   0,   0,   1,   0,   0,
5795,    0,   0,   0,   0,   0,   0,   0,   0,   0,   1,   0,   0,   0,   0,   0,   0,   0,   0,
5931,    0,   0,   1,   0,   0,   0,   0,   0,   0,   0,   0,   0,   0,   0,   0,   0,   0,   0,
6261,    0,   0,   0,   1,   0,   0,   0,   0,   0,   0,   0,   0,   0,   0,   0,   0,   0,   0,
7275,    0,   0,   0,   0,   0,   0,   0,   0,   0,   0,   0,   0,   0,   0,   1,   0,   0,   0,
10266,   0,   0,   0,   0,   0,   0,   0,   1,   0,   0,   0,   0,   0,   0,   0,   0,   0,   0,
10652,   0,   0,   0,   0,   0,   0,   0,   0,   0,   0,   0,   0,   0,   0,   0,   0,   1,   0,
15798,   0,   0,   0,   0,   0,   1,   0,   0,   0,   0,   0,   0,   0,   0,   0,   0,   0,   0,
16805,   0,   0,   0,   0,   0,   0,   0,   0,   0,   0,   0,   0,   1,   0,   0,   0,   0,   0,
17149,   0,   0,   0,   0,   0,   0,   0,   0,   0,   0,   0,   1,   0,   0,   0,   0,   0,   0,
19187,   0,   0,   0,   0,   0,   0,   0,   0,   0,   0,   0,   0,   0,   1,   0,   0,   0,   0,
19258,   1,   0,   0,   0,   0,   0,   0,   0,   0,   0,   0,   0,   0,   0,   0,   0,   0,   0,
19360,   0,   0,   0,   0,   1,   0,   0,   0,   0,   0,   0,   0,   0,   0,   0,   0,   0,   0,

0      475, 483, 484, 492, 495, 502, 506, 509, 515, 520, 526, 539, 540, 548, 552, 555, 560, 562,
225,     0,   0,   0,   0,   0,   0,   0,   0,   1,   0,   0,   0,   0,   0,   0,   0,   0,   0,
683,     0,   0,   0,   0,   0,   0,   0,   0,   0,   0,   1,   0,   0,   0,   0,   0,   0,   0,
1036,    0,   0,   0,   0,   0,   0,   0,   0,   0,   0,   0,   1,   0,   0,   0,   0,   0,   0,
1401,    0,   0,   0,   0,   0,   0,   0,   1,   0,   0,   0,   0,   0,   0,   0,   0,   0,   0,
1766,    0,   0,   0,   0,   0,   0,   0,   0,   0,   0,   0,   0,   0,   0,   1,   0,   0,   0,
3146,    0,   0,   0,   0,   0,   0,   0,   0,   0,   0,   0,   0,   0,   0,   0,   0,   0,   1,
3824,    0,   0,   1,   0,   0,   0,   0,   0,   0,   0,   0,   0,   0,   0,   0,   0,   0,   0,
3937,    0,   0,   0,   0,   0,   0,   0,   0,   0,   0,   0,   0,   0,   0,   0,   1,   0,   0,
5427,    0,   0,   0,   0,   1,   0,   0,   0,   0,   0,   0,   0,   0,   0,   0,   0,   0,   0,
5992,    0,   0,   0,   0,   0,   0,   0,   0,   0,   0,   0,   0,   1,   0,   0,   0,   0,   0,
6127,    0,   0,   0,   1,   0,   0,   0,   0,   0,   0,   0,   0,   0,   0,   0,   0,   0,   0,
6470,    0,   0,   0,   0,   0,   0,   0,   0,   0,   1,   0,   0,   0,   0,   0,   0,   0,   0,
6680,    0,   0,   0,   0,   0,   0,   0,   0,   0,   0,   0,   0,   0,   1,   0,   0,   0,   0,
11207,   0,   0,   0,   0,   0,   1,   0,   0,   0,   0,   0,   0,   0,   0,   0,   0,   0,   0,
11820,   0,   1,   0,   0,   0,   0,   0,   0,   0,   0,   0,   0,   0,   0,   0,   0,   0,   0,
14298,   0,   0,   0,   0,   0,   0,   0,   0,   0,   0,   0,   0,   0,   0,   0,   0,   1,   0,
14569,   1,   0,   0,   0,   0,   0,   0,   0,   0,   0,   0,   0,   0,   0,   0,   0,   0,   0,
18145,   0,   0,   0,   0,   0,   0,   1,   0,   0,   0,   0,   0,   0,   0,   0,   0,   0,   0,

0      575, 577, 580, 585, 590, 591, 593, 599, 603, 609, 610, 611, 613, 622, 624, 626, 628, 633,
3850,    0,   0,   1,   0,   0,   0,   0,   0,   0,   0,   0,   0,   0,   0,   0,   0,   0,   0,
4391,    0,   0,   0,   0,   0,   0,   1,   0,   0,   0,   0,   0,   0,   0,   0,   0,   0,   0,
4901,    0,   1,   0,   0,   0,   0,   0,   0,   0,   0,   0,   0,   0,   0,   0,   0,   0,   0,
5382,    0,   0,   0,   0,   0,   0,   0,   0,   0,   0,   0,   1,   0,   0,   0,   0,   0,   0,
7357,    1,   0,   0,   0,   0,   0,   0,   0,   0,   0,   0,   0,   0,   0,   0,   0,   0,   0,
8543,    0,   0,   0,   0,   0,   0,   0,   0,   0,   0,   0,   0,   0,   0,   0,   0,   0,   1,
8742,    0,   0,   0,   0,   0,   0,   0,   0,   1,   0,   0,   0,   0,   0,   0,   0,   0,   0,
9485,    0,   0,   0,   1,   0,   0,   0,   0,   0,   0,   0,   0,   0,   0,   0,   0,   0,   0,
9527,    0,   0,   0,   0,   0,   0,   0,   0,   0,   1,   0,   0,   0,   0,   0,   0,   0,   0,
9579,    0,   0,   0,   0,   0,   1,   0,   0,   0,   0,   0,   0,   0,   0,   0,   0,   0,   0,
11541,   0,   0,   0,   0,   0,   0,   0,   1,   0,   0,   0,   0,   0,   0,   0,   0,   0,   0,
12819,   0,   0,   0,   0,   0,   0,   0,   0,   0,   0,   0,   0,   0,   0,   0,   0,   1,   0,
13515,   0,   0,   0,   0,   0,   0,   0,   0,   0,   0,   0,   0,   1,   0,   0,   0,   0,   0,
13725,   0,   0,   0,   0,   0,   0,   0,   0,   0,   0,   0,   0,   0,   0,   0,   1,   0,   0,
16586,   0,   0,   0,   0,   0,   0,   0,   0,   0,   0,   0,   0,   0,   0,   1,   0,   0,   0,
18139,   0,   0,   0,   0,   0,   0,   0,   0,   0,   0,   1,   0,   0,   0,   0,   0,   0,   0,
18328,   0,   0,   0,   0,   1,   0,   0,   0,   0,   0,   0,   0,   0,   0,   0,   0,   0,   0,
18656,   0,   0,   0,   0,   0,   0,   0,   0,   0,   0,   0,   0,   0,   1,   0,   0,   0,   0,

0      634, 635, 637, 645, 652, 653, 654, 657, 662, 670, 678, 679, 685, 691, 695, 698, 702, 705,
719,     0,   0,   1,   0,   0,   0,   0,   0,   0,   0,   0,   0,   0,   0,   0,   0,   0,   0,
897,     0,   0,   0,   0,   0,   0,   0,   0,   0,   0,   1,   0,   0,   0,   0,   0,   0,   0,
1163,    0,   0,   0,   0,   0,   0,   0,   0,   1,   0,   0,   0,   0,   0,   0,   0,   0,   0,
2121,    0,   0,   0,   1,   0,   0,   0,   0,   0,   0,   0,   0,   0,   0,   0,   0,   0,   0,
3915,    0,   0,   0,   0,   0,   0,   0,   0,   0,   0,   0,   1,   0,   0,   0,   0,   0,   0,
6271,    0,   0,   0,   0,   0,   0,   0,   0,   0,   1,   0,   0,   0,   0,   0,   0,   0,   0,
6869,    0,   0,   0,   0,   1,   0,   0,   0,   0,   0,   0,   0,   0,   0,   0,   0,   0,   0,
7554,    0,   0,   0,   0,   0,   1,   0,   0,   0,   0,   0,   0,   0,   0,   0,   0,   0,   0,
8495,    0,   0,   0,   0,   0,   0,   0,   0,   0,   0,   0,   0,   0,   0,   0,   1,   0,   0,
10254,   0,   1,   0,   0,   0,   0,   0,   0,   0,   0,   0,   0,   0,   0,   0,   0,   0,   0,
10455,   0,   0,   0,   0,   0,   0,   0,   0,   0,   0,   0,   0,   1,   0,   0,   0,   0,   0,
11375,   0,   0,   0,   0,   0,   0,   0,   0,   0,   0,   0,   0,   0,   0,   1,   0,   0,   0,
12006,   0,   0,   0,   0,   0,   0,   1,   0,   0,   0,   0,   0,   0,   0,   0,   0,   0,   0,
12153,   1,   0,   0,   0,   0,   0,   0,   0,   0,   0,   0,   0,   0,   0,   0,   0,   0,   0,
16113,   0,   0,   0,   0,   0,   0,   0,   0,   0,   0,   0,   0,   0,   1,   0,   0,   0,   0,
18040,   0,   0,   0,   0,   0,   0,   0,   1,   0,   0,   0,   0,   0,   0,   0,   0,   0,   0,
18158,   0,   0,   0,   0,   0,   0,   0,   0,   0,   0,   0,   0,   0,   0,   0,   0,   1,   0,
19548,   0,   0,   0,   0,   0,   0,   0,   0,   0,   0,   0,   0,   0,   0,   0,   0,   0,   1,

0      706, 712, 724, 731, 734, 735, 738, 742, 751, 757, 762, 763, 765, 769, 782, 788, 794, 802,
122,     0,   0,   0,   0,   0,   0,   0,   0,   0,   0,   1,   0,   0,   0,   0,   0,   0,   0,
204,     0,   1,   0,   0,   0,   0,   0,   0,   0,   0,   0,   0,   0,   0,   0,   0,   0,   0,
539,     0,   0,   0,   0,   0,   0,   0,   0,   0,   0,   0,   0,   0,   1,   0,   0,   0,   0,
1506,    0,   0,   0,   1,   0,   0,   0,   0,   0,   0,   0,   0,   0,   0,   0,   0,   0,   0,
1978,    0,   0,   0,   0,   0,   0,   0,   0,   0,   0,   0,   1,   0,   0,   0,   0,   0,   0,
2005,    0,   0,   0,   0,   1,   0,   0,   0,   0,   0,   0,   0,   0,   0,   0,   0,   0,   0,
2079,    0,   0,   0,   0,   0,   0,   0,   0,   0,   0,   0,   0,   0,   0,   0,   0,   1,   0,
2707,    0,   0,   0,   0,   0,   0,   0,   1,   0,   0,   0,   0,   0,   0,   0,   0,   0,   0,
3499,    0,   0,   0,   0,   0,   0,   0,   0,   0,   0,   0,   0,   1,   0,   0,   0,   0,   0,
4437,    0,   0,   0,   0,   0,   0,   1,   0,   0,   0,   0,   0,   0,   0,   0,   0,   0,   0,
4510,    1,   0,   0,   0,   0,   0,   0,   0,   0,   0,   0,   0,   0,   0,   0,   0,   0,   0,
4662,    0,   0,   0,   0,   0,   0,   0,   0,   0,   0,   0,   0,   0,   0,   0,   1,   0,   0,
6803,    0,   0,   0,   0,   0,   0,   0,   0,   0,   0,   0,   0,   0,   0,   0,   0,   0,   1,
7388,    0,   0,   0,   0,   0,   0,   0,   0,   1,   0,   0,   0,   0,   0,   0,   0,   0,   0,
8578,    0,   0,   0,   0,   0,   0,   0,   0,   0,   0,   0,   0,   0,   0,   1,   0,   0,   0,
8625,    0,   0,   0,   0,   0,   0,   0,   0,   0,   1,   0,   0,   0,   0,   0,   0,   0,   0,
16929,   0,   0,   0,   0,   0,   1,   0,   0,   0,   0,   0,   0,   0,   0,   0,   0,   0,   0,
18542,   0,   0,   1,   0,   0,   0,   0,   0,   0,   0,   0,   0,   0,   0,   0,   0,   0,   0,

0      812, 816, 825, 833, 837, 843, 845, 846, 855, 856, 860, 863, 868, 869, 871, 872, 874, 876,
573,     0,   0,   0,   0,   0,   0,   0,   0,   0,   1,   0,   0,   0,   0,   0,   0,   0,   0,
761,     0,   0,   0,   0,   0,   0,   0,   0,   0,   0,   0,   0,   0,   0,   1,   0,   0,   0,
872,     0,   0,   0,   0,   0,   0,   0,   0,   0,   0,   0,   0,   1,   0,   0,   0,   0,   0,
1502,    0,   0,   0,   1,   0,   0,   0,   0,   0,   0,   0,   0,   0,   0,   0,   0,   0,   0,
1812,    1,   0,   0,   0,   0,   0,   0,   0,   0,   0,   0,   0,   0,   0,   0,   0,   0,   0,
2777,    0,   0,   0,   0,   0,   0,   0,   0,   1,   0,   0,   0,   0,   0,   0,   0,   0,   0,
3445,    0,   0,   0,   0,   0,   1,   0,   0,   0,   0,   0,   0,   0,   0,   0,   0,   0,   0,
3869,    0,   0,   0,   0,   0,   0,   0,   0,   0,   0,   0,   0,   0,   0,   0,   0,   1,   0,
4404,    0,   0,   0,   0,   0,   0,   0,   1,   0,   0,   0,   0,   0,   0,   0,   0,   0,   0,
6333,    0,   0,   0,   0,   0,   0,   0,   0,   0,   0,   0,   0,   0,   0,   0,   0,   0,   1,
6757,    0,   0,   0,   0,   0,   0,   0,   0,   0,   0,   0,   0,   0,   0,   0,   1,   0,   0,
7252,    0,   0,   0,   0,   0,   0,   0,   0,   0,   0,   0,   1,   0,   0,   0,   0,   0,   0,
7999,    0,   0,   0,   0,   0,   0,   0,   0,   0,   0,   0,   0,   0,   1,   0,   0,   0,   0,
8757,    0,   0,   0,   0,   1,   0,   0,   0,   0,   0,   0,   0,   0,   0,   0,   0,   0,   0,
8992,    0,   0,   0,   0,   0,   0,   0,   0,   0,   0,   1,   0,   0,   0,   0,   0,   0,   0,
9190,    0,   0,   1,   0,   0,   0,   0,   0,   0,   0,   0,   0,   0,   0,   0,   0,   0,   0,
17378,   0,   1,   0,   0,   0,   0,   0,   0,   0,   0,   0,   0,   0,   0,   0,   0,   0,   0,
17748,   0,   0,   0,   0,   0,   0,   1,   0,   0,   0,   0,   0,   0,   0,   0,   0,   0,   0,

0      879, 884, 886, 888, 889, 890, 905, 906, 908, 917, 924, 931, 932, 933, 936, 945, 959, 968,
1656,    0,   0,   0,   0,   0,   0,   0,   1,   0,   0,   0,   0,   0,   0,   0,   0,   0,   0,
5374,    0,   0,   0,   1,   0,   0,   0,   0,   0,   0,   0,   0,   0,   0,   0,   0,   0,   0,
5399,    0,   0,   0,   0,   0,   0,   1,   0,   0,   0,   0,   0,   0,   0,   0,   0,   0,   0,
6201,    0,   0,   0,   0,   0,   0,   0,   0,   0,   0,   0,   0,   0,   0,   0,   1,   0,   0,
6725,    0,   0,   0,   0,   1,   0,   0,   0,   0,   0,   0,   0,   0,   0,   0,   0,   0,   0,
7722,    0,   0,   0,   0,   0,   0,   0,   0,   0,   0,   0,   0,   1,   0,   0,   0,   0,   0,
8428,    0,   0,   0,   0,   0,   0,   0,   0,   0,   0,   0,   1,   0,   0,   0,   0,   0,   0,
8914,    0,   0,   1,   0,   0,   0,   0,   0,   0,   0,   0,   0,   0,   0,   0,   0,   0,   0,
10419,   0,   0,   0,   0,   0,   0,   0,   0,   0,   0,   0,   0,   0,   1,   0,   0,   0,   0,
10678,   0,   0,   0,   0,   0,   0,   0,   0,   1,   0,   0,   0,   0,   0,   0,   0,   0,   0,
13502,   0,   0,   0,   0,   0,   1,   0,   0,   0,   0,   0,   0,   0,   0,   0,   0,   0,   0,
14723,   0,   0,   0,   0,   0,   0,   0,   0,   0,   0,   0,   0,   0,   0,   0,   0,   0,   1,
16115,   0,   1,   0,   0,   0,   0,   0,   0,   0,   0,   0,   0,   0,   0,   0,   0,   0,   0,
17622,   0,   0,   0,   0,   0,   0,   0,   0,   0,   0,   0,   0,   0,   0,   0,   0,   1,   0,
17709,   0,   0,   0,   0,   0,   0,   0,   0,   0,   0,   0,   0,   0,   0,   1,   0,   0,   0,
18162,   0,   0,   0,   0,   0,   0,   0,   0,   0,   1,   0,   0,   0,   0,   0,   0,   0,   0,
19191,   1,   0,   0,   0,   0,   0,   0,   0,   0,   0,   0,   0,   0,   0,   0,   0,   0,   0,
19613,   0,   0,   0,   0,   0,   0,   0,   0,   0,   0,   1,   0,   0,   0,   0,   0,   0,   0,

2926   ,972, 5713   ,991, 7049   ,986, 11613  ,973, 12376  ,993
;

