ampl: include lok1.run;

19753734 variables, all binary
19735 constraints, all linear; 19773468 nonzeros
	19735 inequality constraints
1 linear objective; 19734000 nonzeros.

Gurobi 8.1.0: The license for this version of Gurobi will expire in 9.6 hours.
optimal solution; objective 6299997.6
5 simplex iterations
1 branch-and-cut nodes
fjarmagn_constr = 0

markfall = 6300000

x [*] :=
    1 1    1281 1    3265 1    6250 1    9872 1   12245 1   14920 1   17937 1
    2 1    1325 1    3364 1    6482 1    9888 1   12342 1   15074 1   17955 1
    3 1    1762 1    3478 1    6600 1   10204 1   12444 1   15224 1   18076 1
    4 1    1831 1    3541 1    6964 1   10214 1   12474 1   15373 1   18170 1
    9 1    1875 1    3901 1    7167 1   10430 1   13071 1   15395 1   18655 1
   13 1    2009 1    3954 1    7289 1   10464 1   13143 1   15480 1   18904 1
   33 1    2051 1    4056 1    7749 1   10500 1   13146 1   15535 1   18911 1
   38 1    2193 1    4217 1    7872 1   10619 1   13570 1   15679 1   19293 1
   40 1    2243 1    4366 1    7925 1   10729 1   13579 1   15683 1   19400 1
   58 1    2352 1    4514 1    7942 1   10896 1   13806 1   16038 1   19413 1
  106 1    2442 1    4677 1    8016 1   10983 1   13899 1   16076 1   19492 1
  398 1    2557 1    4943 1    8236 1   11154 1   13935 1   16171 1   19569 1
  465 1    2667 1    4948 1    9044 1   11360 1   14083 1   16375 1   19643 1
  545 1    2718 1    4990 1    9112 1   11459 1   14187 1   17042 1
  650 1    2732 1    5116 1    9148 1   11619 1   14276 1   17180 1
  674 1    2756 1    5743 1    9233 1   11669 1   14421 1   17350 1
  879 1    3031 1    6060 1    9563 1   11776 1   14623 1   17408 1
 1222 1    3158 1    6096 1    9661 1   11794 1   14712 1   17631 1
 1230 1    3207 1    6214 1    9735 1   12099 1   14731 1   17875 1
;

ampl: include lok1.run;

Presolve eliminates 1005 constraints and 6593671 variables.
Adjusted problem:
13160063 variables, all binary
19730 constraints, all linear; 13179792 nonzeros
	19730 inequality constraints
1 linear objective; 13140329 nonzeros.

Gurobi 8.1.0: The license for this version of Gurobi will expire in 9.6 hours.
optimal solution; objective 6299995
6 simplex iterations
1 branch-and-cut nodes
fjarmagn_constr = 0

markfall = 6300000

x [*] :=
    1 1    2174 1    4876 1    7781 1   10214 1   12494 1   15069 1   17350 1
    2 1    2202 1    4947 1    7904 1   10407 1   12533 1   15215 1   17560 1
    3 1    2729 1    4953 1    8107 1   10467 1   12568 1   15373 1   17577 1
    5 1    2756 1    4992 1    8272 1   10616 1   12582 1   15396 1   17634 1
   28 1    3033 1    5089 1    8309 1   10710 1   12647 1   15483 1   17882 1
   71 1    3173 1    5108 1    8412 1   10964 1   13071 1   15520 1   18088 1
  523 1    3275 1    5742 1    8825 1   11144 1   13122 1   15529 1   18162 1
  627 1    3373 1    5743 1    9044 1   11448 1   13130 1   15571 1   18315 1
 1133 1    3486 1    5877 1    9123 1   11506 1   13276 1   15575 1   18615 1
 1139 1    3550 1    5915 1    9155 1   11605 1   13312 1   15676 1   18715 1
 1197 1    3901 1    6051 1    9170 1   11653 1   13776 1   15898 1   18923 1
 1205 1    3957 1    6088 1    9211 1   11764 1   13870 1   15996 1   18930 1
 1254 1    4055 1    6248 1    9238 1   11784 1   13905 1   16041 1   19226 1
 1375 1    4072 1    6271 1    9323 1   12084 1   14100 1   16171 1   19294 1
 1570 1    4215 1    6492 1    9580 1   12213 1   14160 1   16779 1   19295 1
 1606 1    4365 1    6625 1    9675 1   12230 1   14332 1   17051 1   19520 1
 1860 1    4518 1    6988 1    9781 1   12440 1   14706 1   17056 1   19646 1
 1985 1    4533 1    7326 1    9926 1   12470 1   14707 1   17181 1   19658 1
 2032 1    4672 1    7601 1   10211 1   12474 1   14724 1   17195 1   19730 1
;

ampl: include lok1.run;

Presolve eliminates 2005 constraints and 6593671 variables.
Adjusted problem:
13160063 variables, all binary
19730 constraints, all linear; 13179792 nonzeros
	19730 inequality constraints
1 linear objective; 13140329 nonzeros.

Gurobi 8.1.0: The license for this version of Gurobi will expire in 9.5 hours.
optimal solution; objective 6299995
6 simplex iterations
1 branch-and-cut nodes
fjarmagn_constr = 0

markfall = 6300000

x [*] :=
    1 1    2174 1    4876 1    7781 1   10214 1   12494 1   15069 1   17350 1
    2 1    2202 1    4947 1    7904 1   10407 1   12533 1   15215 1   17560 1
    3 1    2729 1    4953 1    8107 1   10467 1   12568 1   15373 1   17577 1
    5 1    2756 1    4992 1    8272 1   10616 1   12582 1   15396 1   17634 1
   28 1    3033 1    5089 1    8309 1   10710 1   12647 1   15483 1   17882 1
   71 1    3173 1    5108 1    8412 1   10964 1   13071 1   15520 1   18088 1
  523 1    3275 1    5742 1    8825 1   11144 1   13122 1   15529 1   18162 1
  627 1    3373 1    5743 1    9044 1   11448 1   13130 1   15571 1   18315 1
 1133 1    3486 1    5877 1    9123 1   11506 1   13276 1   15575 1   18615 1
 1139 1    3550 1    5915 1    9155 1   11605 1   13312 1   15676 1   18715 1
 1197 1    3901 1    6051 1    9170 1   11653 1   13776 1   15898 1   18923 1
 1205 1    3957 1    6088 1    9211 1   11764 1   13870 1   15996 1   18930 1
 1254 1    4055 1    6248 1    9238 1   11784 1   13905 1   16041 1   19226 1
 1375 1    4072 1    6271 1    9323 1   12084 1   14100 1   16171 1   19294 1
 1570 1    4215 1    6492 1    9580 1   12213 1   14160 1   16779 1   19295 1
 1606 1    4365 1    6625 1    9675 1   12230 1   14332 1   17051 1   19520 1
 1860 1    4518 1    6988 1    9781 1   12440 1   14706 1   17056 1   19646 1
 1985 1    4533 1    7326 1    9926 1   12470 1   14707 1   17181 1   19658 1
 2032 1    4672 1    7601 1   10211 1   12474 1   14724 1   17195 1   19730 1
;