Presolve eliminates 59207779 constraints and 19080880 variables.
Adjusted problem:
672854 variables, all binary
14956 constraints, all linear; 1340380 nonzeros
	14956 inequality constraints
1 linear objective; 653120 nonzeros.

Gurobi 8.1.0: optimal solution; objective 31499942.5
72592 simplex iterations
1 branch-and-cut nodes
fjarmagn_constr = 0

markfall = 31499900

x [*] :=
  108 1    2322 1    4908 1    6900 1    8595 1   11412 1   15654 1   18362 1
  132 1    2378 1    4939 1    6905 1    8625 1   11421 1   15726 1   18368 1
  148 1    2393 1    5062 1    6930 1    8681 1   11871 1   15907 1   18494 1
  349 1    2518 1    5068 1    6971 1    8758 1   11994 1   16116 1   18544 1
  355 1    2600 1    5144 1    7092 1    8798 1   12136 1   16392 1   18600 1
  365 1    2707 1    5235 1    7102 1    8853 1   12152 1   16591 1   18720 1
  394 1    2716 1    5283 1    7144 1    8992 1   12180 1   16663 1   18797 1
  405 1    2834 1    5421 1    7149 1    9067 1   12645 1   16865 1   18817 1
  411 1    2918 1    5565 1    7267 1    9158 1   12673 1   16890 1   18853 1
  520 1    2992 1    5595 1    7279 1    9258 1   12683 1   16919 1   18905 1
  719 1    3049 1    5598 1    7376 1    9333 1   12766 1   16923 1   18990 1
  728 1    3413 1    5645 1    7489 1    9434 1   12964 1   17118 1   19071 1
  840 1    3507 1    5692 1    7575 1    9574 1   12968 1   17363 1   19152 1
  891 1    3588 1    5785 1    7579 1    9612 1   13225 1   17450 1   19159 1
  897 1    3650 1    5795 1    7669 1    9744 1   13246 1   17624 1   19248 1
  930 1    3770 1    5813 1    7694 1    9763 1   13386 1   17630 1   19309 1
 1098 1    3818 1    5821 1    7715 1    9790 1   13423 1   17709 1   19351 1
 1201 1    4037 1    5897 1    7836 1    9803 1   13464 1   17743 1   19362 1
 1287 1    4148 1    6127 1    7962 1   10222 1   13923 1   17778 1   19412 1
 1347 1    4268 1    6262 1    8015 1   10260 1   13960 1   17913 1   19433 1
 1405 1    4398 1    6308 1    8302 1   10302 1   13965 1   17973 1   19639 1
 1414 1    4494 1    6315 1    8319 1   10685 1   14298 1   17982 1
 1543 1    4557 1    6351 1    8324 1   10736 1   14829 1   18085 1
 1603 1    4751 1    6395 1    8340 1   10871 1   14887 1   18132 1
 1631 1    4760 1    6400 1    8360 1   10977 1   14933 1   18163 1
 1878 1    4768 1    6422 1    8428 1   11298 1   15219 1   18205 1
 2116 1    4859 1    6435 1    8498 1   11339 1   15475 1   18280 1
 2156 1    4877 1    6546 1    8530 1   11393 1   15613 1   18328 1
;
