148
45
118
77
114
179
50
164
270
70
104
77
155
125
98
68
85
87
164
88
132
121
117
45
73
110
63
75
86
122
85
105
77
105
84
195
158
80
122
172
79
86
55
74
92
91
97
92
162
100
128
67
70
42
68
81
107
91
104
74
74
119
72
80
170
105
55
77
74
155
120
94
145
71
77
85
68
92
81
159
176
98
99
45
87
97
62
118
79
168
76
55
87
81
70
116
80
74
236
185
167
115
59
102
109
107
117
107
124
70
67
150
56
81
83
102
117
66
69
92
127
81
131
142
75
102
48
78
93
146
82
63
74
109
140
86
127
109
195
240
97
153
131
84
124
162
104
127
92
53
153
228
84
80
78
88
64
110
122
68
81
55
74
178
100
48
77
177
119
92
140
185
262
85
70
114
220
94
116
106
83
89
57
67
125
103
123
53
133
110
144
110
100
88
56
98
83
91
63
112
69
70
105
67
37
96
101
86
188
51
130
123
211
104
185
64
157
109
124
90
145
123
102
109
83
75
80
90
76
114
116
89
108
61
94
92
124
74
94
158
73
97
92
62
104
117
166
61
110
83
102
76
59
136
65
129
130
96
220
57
54
142
179
113
52
130
250
88
131
174
68
62
179
102
155
83
106
84
121
60
68
78
64
161
130
77
89
127
142
192
96
100
95
68
121
126
79
80
74
58
243
189
75
87
93
206
106
216
54
106
63
73
139
186
90
86
104
120
94
72
69
80
162
90
134
101
119
67
194
94
83
86
101
152
103
136
97
75
170
65
92
103
123
185
86
155
61
101
65
93
225
87
216
53
154
96
123
74
180
212
74
99
164
70
81
106
77
101
95
146
86
130
104
162
75
114
63
77
72
120
36
85
96
110
57
73
82
92
97
136
122
109
65
82
78
113
80
51
101
110
59
52
102
69
109
111
166
87
119
69
59
173
84
111
98
137
142
111
96
61
143
216
58
93
122
58
144
115
181
129
72
91
152
262
88
78
145
246
256
160
97
101
108
121
77
54
63
152
87
104
87
82
120
265
56
89
90
122
308
62
276
147
123
95
179
79
48
70
134
97
159
93
214
78
82
144
169
71
85
83
134
77
69
73
84
97
93
74
100
136
136
68
79
73
91
55
125
51
58
115
196
58
153
96
78
72
104
183
116
170
67
115
140
115
90
80
101
140
76
91
186
103
97
185
120
65
140
237
104
86
109
196
82
88
100
138
86
90
96
90
146
86
198
109
74
121
172
81
187
93
70
74
129
78
70
110
114
106
145
59
41
70
172
108
198
79
94
71
119
148
122
95
82
120
67
93
75
57
111
88
114
129
72
179
84
151
140
135
103
93
79
236
121
83
93
112
97
53
51
120
136
102
64
85
86
186
136
70
51
102
100
80
71
107
100
74
131
306
54
106
93
71
251
72
81
111
156
68
91
100
129
82
50
56
40
105
48
113
147
81
125
102
151
114
78
125
91
109
53
102
96
68
66
100
93
110
91
250
161
97
75
86
128
147
119
140
73
75
74
86
104
97
103
117
111
87
101
78
70
106
134
104
120
125
73
106
183
93
136
125
32
100
125
108
47
133
102
55
111
78
100
98
82
92
84
83
130
102
82
150
92
74
138
77
102
165
54
109
111
95
114
62
54
92
213
93
104
171
36
120
93
82
116
83
58
93
102
133
172
93
128
75
116
97
102
93
96
84
136
151
77
101
102
125
103
92
50
215
104
100
124
72
94
103
59
94
139
106
53
165
73
112
220
112
116
57
92
106
53
105
135
83
120
107
157
100
69
59
87
88
148
108
127
74
64
88
138
66
97
84
113
78
122
86
189
123
43
243
86
252
62
86
82
101
186
83
95
136
87
93
66
117
83
185
47
170
124
77
74
80
122
50
102
222
149
122
72
114
149
192
227
54
84
149
102
84
74
102
96
51
120
152
265
166
65
46
117
102
81
86
180
86
61
130
81
75
125
94
62
78
76
53
114
78
82
90
130
156
117
95
61
263
154
68
239
82
108
77
83
56
107
141
96
101
109
158
88
119
101
147
94
55
179
153
61
39
81
65
158
110
97
102
117
165
65
106
77
272
101
117
52
93
181
73
106
205
234
76
88
66
84
90
64
64
142
45
156
155
87
79
119
214
119
100
76
113
89
302
73
74
184
85
50
149
302
113
78
81
92
133
185
68
167
86
78
93
90
78
284
71
84
74
66
160
102
96
128
80
142
116
68
150
146
89
174
48
107
91
144
109
76
126
60
71
83
104
82
75
98
130
