184144
162435
138315
166634
138615
218229
84238
132856
233079
182500
129237
124588
123723
132081
139180
209079
168063
226172
125965
235399
169909
144861
134850
148537
122953
167402
203593
136711
115412
168578
180546
131264
162100
128356
170580
158653
266391
209048
138027
198806
213301
186202
197663
185039
138595
121026
121824
157182
135497
201377
132608
207669
234328
113422
193371
162991
123636
150805
155040
183662
77443
144789
168345
109748
213386
130278
147731
134279
194931
188055
134285
197063
165632
156762
196716
162159
130963
143539
142704
132296
138501
154566
136427
134713
142742
152813
147524
147678
129860
133483
186994
166660
140893
153259
132891
121369
184659
166532
181578
220768
135101
127751
153200
174652
181197
162748
143391
125803
125114
149382
201466
121689
116788
126178
176960
122656
171632
141256
214518
181249
153749
122048
154034
193380
91118
152782
79222
163155
200601
174181
130895
104053
193170
142702
162182
131941
143705
184630
230569
196086
121954
127788
152661
153824
121680
136115
190385
162591
129834
127160
249325
168456
120177
126611
197398
142020
133828
131311
148682
221925
135339
161320
160563
138900
135252
91122
142372
140582
196304
120555
144246
148720
193361
153420
161462
120918
177891
151886
155404
127469
171303
137042
146657
126274
166443
187668
128232
157662
133888
170876
133577
150243
162811
126704
170149
185262
151131
228404
198592
138925
132644
134432
123546
151571
212384
145466
126384
120450
220764
128129
137123
143367
178140
130029
155520
120739
132530
128987
131065
123156
122107
134002
151897
135677
151417
147586
156046
160883
183013
136813
222352
144810
201839
171250
136011
141576
137465
189696
146736
121047
135685
123096
129640
76580
163415
158464
198199
233568
179610
178311
160020
145381
137617
168879
140528
127661
141080
168052
175269
186053
133326
144018
281353
131642
141538
154963
305923
126189
122694
143946
139526
138277
140491
125779
185441
180423
122729
136568
122835
146279
143186
149953
114167
127583
158527
144749
134775
145145
136340
234068
142203
153730
159834
185762
139389
155836
121018
178395
231727
153370
376311
234419
204857
150887
147591
248239
158768
173717
123674
141499
146578
138336
218659
139350
126015
199849
127150
191157
226117
240345
202121
169416
199375
135833
224243
122622
221099
130452
158734
122069
122003
182046
155123
175365
221736
167209
121483
131281
142333
122519
181147
128576
168998
219281
136282
181272
135585
160162
149977
185480
272194
171665
249345
159812
187954
154296
132040
151204
210036
159513
206843
127636
197306
51932
174425
127196
129630
165867
176756
156193
123942
143116
130773
122319
189912
130541
142957
150517
147221
140652
85692
138065
153385
174163
145445
134260
78629
120773
121195
150995
123169
132112
215511
173709
132765
136828
170225
109824
121713
132531
132932
199232
159204
146351
125381
137060
124361
125273
144590
188446
158916
210938
192979
163871
120316
162137
150549
170722
139207
140085
176721
182229
177886
139623
140490
155310
163130
140647
144920
126225
172267
141333
142682
315853
219968
152942
122830
214488
212646
201180
165923
181661
166203
136052
241467
139038
161275
180755
125771
122034
140509
122317
183529
225086
204086
124886
130667
120202
240860
102858
329575
134733
92649
152363
216415
137764
99162
129339
140781
140868
194069
124287
256791
172223
246521
120633
200862
193534
135395
126521
122040
176817
154177
148361
208942
122946
233179
123078
122632
158528
166624
125643
142778
124517
182807
125015
148615
119257
122166
141352
236105
200509
174795
138800
136565
150718
196693
138319
236303
271469
122618
210198
200154
120861
181468
179863
213036
170293
152924
173485
150991
145034
133334
223393
207755
173235
147455
283542
121469
203300
165087
233943
165764
128601
157511
151085
151716
167215
166723
191561
122600
111909
157779
132891
154686
139280
144116
189872
205953
154200
214165
125559
126733
170550
141609
128384
145298
128993
131934
168746
209399
177017
206922
120353
164800
124168
126409
139404
179235
187996
144293
122043
139405
208029
125285
123833
129320
94784
164824
137768
121500
160269
207006
224725
148314
243842
153806
121682
192271
178797
204608
202212
234707
124929
139570
185337
120745
97794
135948
137097
160846
179613
160608
140998
121305
156129
160880
122450
168670
187469
168847
127534
151298
195083
140617
123805
153335
490736
129182
214157
154134
144242
201733
199124
190616
227039
210150
129810
120966
124173
135243
120099
157107
184088
133353
125278
153651
150287
182218
128208
153527
179256
121314
133371
186615
171014
150619
131279
128944
166322
177669
171422
145208
188250
127567
182024
149787
311806
124332
122887
125915
155120
160179
184680
139905
172027
111586
214724
212455
185270
127250
145361
137198
126212
135028
133051
122367
160846
127222
131478
143758
137264
182270
148111
155028
199205
141614
140097
140443
144472
141757
129208
158911
129094
209524
133072
192393
164993
185123
162954
129183
195533
145695
129634
153234
149161
143859
124642
138771
245135
134279
128641
172617
149161
124100
133120
146363
121825
135221
148882
131052
134568
231988
146787
167795
141595
188025
137662
77862
124178
147441
121735
145516
128513
188419
241249
141813
223391
127446
159779
148491
141765
201713
134354
129130
131791
167892
152775
162098
123868
156147
165594
126593
129860
206990
172758
170688
183737
129706
135910
144715
203168
151944
132393
138326
131067
160665
120205
145881
192784
121082
146632
184048
204812
147467
171398
130681
126844
128269
130517
159360
141713
132819
166564
185643
157167
123018
200654
132188
131562
156452
129595
154734
213968
227355
139052
125782
121443
153121
122576
168848
137830
155508
151185
152963
129102
132144
275500
126378
203920
124417
137579
120483
125902
161433
148453
122358
129514
173031
154260
106247
162071
133535
146441
208177
136210
139953
139006
191455
172345
144674
87530
201611
175530
180190
147331
159817
128201
181270
142044
266736
147158
132664
120781
188909
179070
106751
175781
152072
132172
122517
123540
316053
206310
127021
129630
194112
129086
148076
165909
231333
125388
191678
130092
191362
123972
146965
168014
150443
158879
194849
180046
135264
185829
134655
189405
151456
193358
141122
125234
120720
205049
125155
156540
200095
218255
204244
130542
156036
143999
150001
154448
136163
210905
130556
188133
127879
147356
120520
174965
155335
121747
154076
186168
156780
175560
153046
145335
178191
135420
158530
122609
126222
128297
192404
130063
156514
333373
122545
125245
82767
121192
228596
196506
237779
242834
199985
142755
141999
133794
140473
164197
143778
225538
141329
134196
129550
123140
139080
154639
127611
250608
143619
153572
188656
128334
143822
233276
149301
161927
150280
220557
120090
137635
256760
141512
174981
147081
142766
157261
286382
209622
189878
124836
181826
129123
163473
167747
226907
159062
138166
136880
155582
197303
143795
150465
133003
141428
211681
135423
135765
186714
124973
134954
203223
157337
125713
144920
122464
134663
162497
149970
159465
125838
80079
124770
214339
128628
131932
122540
