1.812
2.406
1.89
2.084
3.14
3.081
2.885
2.777
2.096
2.45
3.349
4.045
2.092
1.804
2.113
4.253
2.964
2.618
2.513
3.329
3.286
3.164
3.288
2.784
2.823
2.833
3.348
2.822
1.976
2.331
3.04
2.918
3.465
3.38
2.008
2.076
4.126
3.45
3.591
3.545
3.676
3.205
3.423
3.221
2.702
3.147
3.093
2.924
2.71
2.548
2.997
4.092
2.118
2.923
3.309
2.354
2.693
1.717
2.064
1.818
1.926
3.628
3.238
2.922
3.119
3.349
3.145
3.488
2.787
3.695
2.198
1.809
3.329
2.381
2.56
2.948
2.54
3.177
2.013
2.054
2.224
4.188
3.805
3.899
4.191
4.066
3.741
3.618
1.92
2.536
3.081
3.477
2.506
2.735
2.471
2.781
3.028
2.38
2.747
3.128
2.891
2.51
3.077
2.333
2.582
2.705
3.777
3.214
2.68
4.295
2.61
2.242
1.934
3.109
3.217
3.608
2.111
3.228
2.878
1.906
3.516
3.065
1.993
1.803
1.962
3.032
2.859
2.814
3.945
3.998
2.127
2.826
2.982
2.866
3.484
2.505
3.683
2.465
3.05
2.919
3.432
2.932
3.212
2.712
1.828
2.002
2.458
3.038
2.528
2.882
4.764
2.644
2.677
4.264
3.002
2.188
2.722
3.906
3.587
2.725
3.322
2.739
2.421
2.936
2.813
2.347
2.86
2.622
2.771
3.029
2.04
2.105
2.986
2.654
3.573
2.809
2.714
2.956
2.739
3.993
2.708
3.363
2.204
2.022
2.96
2.029
2.051
2.943
2.513
2.676
2.745
2.565
2.654
2.301
3.552
1.899
2.586
2.632
3.345
2.325
2.311
3.212
3.16
3.275
3.926
3.312
2.281
2.925
3.041
2.671
2.243
2.772
2.39
3.987
2.903
2.568
2.831
3.324
2.665
3.402
2.299
2.417
2.612
3.474
2.469
2.481
2.963
2.655
3.548
3.664
2.887
3.388
2.232
3.128
3.954
3.356
2.636
3.162
2.431
2.396
2.402
2.77
2.119
1.931
3.275
2.721
3.039
3.274
2.836
2.615
3.087
3.574
3.526
3.457
3.152
2.88
2.1
2.45
2.666
2.809
3.533
2.065
4.006
3.499
2.341
3.27
3.334
3.019
2.535
2.503
2.778
2.549
2.741
2.332
3.018
2.75
3.921
4.226
2.948
3.045
3.077
2.902
1.836
2.662
3.588
3.187
2.672
1.956
2.117
3.55
3.277
3.046
3.171
3
3.031
2.756
2.651
3.993
3.885
4.182
4.284
3.117
3.058
3.08
4.098
3.046
2.014
2.548
3.466
2.117
2.369
3.344
4.327
2.562
2.374
3.996
3.298
4.631
3.026
2.724
2.766
2.606
3.158
3.014
2.76
3.228
2.219
2.253
2.92
3.143
3.062
2.615
3.025
3.115
2.7
3.864
3.182
2.935
2.769
3.677
2.434
2.998
2.225
3.572
3.136
3.45
3.809
4.083
3.512
2.568
3.379
2.923
3.606
3.672
3.001
3.26
2.448
3.145
3.168
2.745
3.723
3.178
3.601
1.764
2.571
3.362
3.046
2.844
2.496
2.803
2.9
3.375
3.649
2.61
3.109
3.833
2.698
2.897
2.061
3.051
2.545
3.333
2.602
2.104
2.448
3.039
1.863
2.819
3.701
3.333
2.747
3.574
3.76
2.333
3.028
3.81
2.54
3.61
3.056
3.403
2.801
3.444
4.177
2.811
2.085
3.041
1.888
2.533
3.79
3.839
2.476
3.594
3.01
2.66
2.242
3.299
2.625
2.318
3.737
3.087
3.308
2.623
2.384
2.508
3.298
3.034
3.178
3.061
2.503
2.003
3.249
2.979
2.741
3.404
3.131
2.335
2.563
2.595
2.537
3.667
2.875
2.638
2.714
3.537
3.853
2.09
3.995
3.647
1.764
2.532
3.091
3.502
2.517
2.733
2.07
3.802
3.507
1.78
2.674
1.736
3.644
2.944
1.855
4.175
3.138
3.203
1.805
2.347
2.518
3.206
3.293
3.688
3.908
2.804
3.036
2.723
3.311
2.509
4.531
1.946
2.555
3.948
3.657
2.866
3.914
2.047
2.996
3.835
3.691
3.516
2.923
1.962
3.442
3.346
2.483
3.636
3.653
3.246
2.677
3.157
3.642
2.686
3.286
2.207
3.485
2.821
2.862
2.501
2.981
4.195
3.03
2.499
1.948
2.329
2.431
3.342
2.948
3.416
3.342
2.767
2.229
2.502
3.141
3.501
2.598
2.878
2.512
3.245
2.451
2.656
2.875
3.131
3.776
3.124
3.844
2.282
2.775
2.764
2.41
2.059
2.757
1.878
2.641
3.851
2.92
2.691
2.612
3.364
3.588
3.045
3.643
2.136
2.91
3.278
2.168
3.8
3.12
3.582
2.819
2.929
3.241
2.789
3.123
2.696
2.721
2.556
3.85
3.844
2.877
3.6
3.565
2.882
3.56
2.352
2.572
3.416
2.491
2.891
4.512
2.399
2.547
3.115
3.75
3.452
2.601
4.012
2.828
1.576
2.915
2.14
2.428
2.606
2.947
2.853
3.769
4.033
2.629
2.503
3.801
2.403
3.227
2.729
3.294
2.909
3.395
2.034
3.196
2.7
2.16
2.538
2.745
3.248
3.399
2.411
2.831
2.972
3.144
4.109
2.094
2.543
3.538
2.679
2.676
3.038
3.55
1.969
1.946
2.646
3.712
3.796
2.548
3.219
2.549
3.877
3.029
2.938
2.929
2.665
3.751
4.544
2.939
2.956
2.775
3.673
2.941
2.41
4.776
3.222
3.485
2.899
2.315
2.384
2.684
2.153
2.804
4.006
2.15
3.029
2.643
3.023
3.302
2.17
3.057
3.815
3.332
3.401
2.309
2.951
3.306
2.316
3.046
3.077
2.772
2.401
3.743
3.042
3.131
2.372
2.971
2.217
2.637
2.169
4.246
3.343
2.984
2.607
2.272
3.089
2.667
3.016
3.379
2.686
3.532
3.391
3.485
1.729
2.124
3.949
2.818
3.204
3.174
2.656
2.891
3.239
2.721
2.931
3.199
3.46
3.118
4.166
2.686
3.229
3.137
2.423
1.949
2.301
3.076
2.801
3.248
3.024
2.398
4.215
3.793
2.581
2.496
3.689
2.805
2.202
2.299
2.946
2.313
3.391
2.959
2.684
3.682
3.135
3.114
2.398
1.737
2.943
2.691
2.127
2.614
2.95
3.063
2.636
2.826
2.923
3.375
2.583
2.835
4.198
3.964
2.989
2.911
3.031
3.769
2.46
3.075
2.513
3.39
2.842
2.251
2.848
2.094
2.809
3.07
2.72
2.206
3.727
3.355
2.926
2.036
2.22
3.484
3.225
3.088
3.002
2.632
3.193
3.147
2.754
2.327
1.7
3.464
4.45
3.478
2.804
3.521
3.224
2.765
3.605
3.14
3.352
3.159
4.392
2.99
2.655
3.797
2.175
2.322
2.943
3.037
2.929
2.229
2.871
4.001
3.029
2.807
2.495
2.522
2.85
3.643
3.159
2.744
2.182
3.276
2.861
3.433
4.083
1.633
1.629
3.807
2.717
2.856
2.552
3.18
3.395
3.348
2.766
3.777
2.094
2.609
2.865
3.417
3.91
2.918
3.304
3.591
2.952
3.353
3.295
2.391
2.02
2.228
2.38
1.905
2.865
3.379
4.206
2.157
2.491
3.602
3.946
2.288
3.521
2.158
3.388
2.522
1.842
3.284
2.548
2.322
2.538
3.214
3.631
3.872
2.741
3.319
3.021
3.249
2.882
3.163
3.143
3.491
1.968
3.414
3.927
2.154
3.778
2.35
2.592
1.712
2.627
2.898
3.981
2.999
2.448
1.374
3.009
2.529
2.253
3.398
2.661
2.229
3.528
2.791
3.98
3.359
3.267
3.256
4.031
2.419
3.378
3.262
3.285
3.156
2.862
3.516
2.809
2.353
3.219
2.314
2.82
2.617
3.22
2.01
3.18
3.003
2.602
2.872
2.826
3.734
2.365
2.99
3.011
2.765
3.298
3.772
3.239
2.738
2.59
2.515
2.566
2.946
2.851
2.023
2.851
3.055
2.805
2.595
3.268
3.329
2.76
3.171
3.147
4.179
2.937
3.442
3.848
2.818
2.702
2.567
2.942
2.557
2.905
2.9
2.854
2.669
3.487
4.027
3.753
3.067
2.804
3.127
2.944
2.679
2.744
2.892
2.389
3.138
2.589
2.083
3.067
2.249
2.811
2.823
3.405
2.626
3.667
3.645
3.3
2.797
2.841
3.213
3.242
3.087
3.359
2.742
3.455
2.973
3.143
3.393
2.227
1.913
3.952
3.904
3.575
3.606
2.934
