        i   k    gi    gj    mi  mj       ci     cj
1   19433   4 2.235 2.084  97.4  77 125840.0 166634
2   11994  10 3.568 2.450  79.8  70 181961.0 182500
3    5283  15 2.222 2.113 100.2  98 129220.0 139180
4    9744  18 3.335 2.618 122.6  87 214110.0 226172
5    2378  20 4.031 3.329  99.3  88 213024.5 235399
6    2600  24 3.977 2.784  59.1  45 122076.5 148537
7   19071  25 3.089 2.823  73.5  73 122473.0 122953
8    5144  27 3.366 3.348  73.1  63 132996.5 203593
9    2518  31 3.111 3.040  85.1  85 142610.0 180546
10  12645  43 3.610 3.423  60.7  55 144287.0 197663
11   8319  53 2.290 2.118 102.0  70 124390.5 234328
12  12673  55 3.430 3.309  76.4  68 136402.5 193371
13  12968  56 3.196 2.354  81.0  81 139685.0 162991
14  18494  58 1.988 1.717  94.2  91 123162.0 150805
15   5785  60 2.159 1.818  97.4  74 129909.0 183662
16   5062  63 3.488 3.238  76.7  72 138222.5 168345
17   1098  67 4.119 3.145  62.8  55 139678.5 147731
18   6262  75 2.996 2.560  81.0  77 135824.0 196716
19   4398  77 2.610 2.540  79.9  68 123051.5 130963
20   2707  79 2.299 2.013  89.0  81 128199.5 142704
21  16392  92 3.604 3.477  78.1  55 151749.0 166660
22  18280  98 2.553 2.380  86.3  74 129122.5 166532
23  16116 103 3.293 3.077  61.9  59 133159.0 153200
24  18544 105 2.885 2.582 129.6 109 154596.0 181197
25   4859 111 2.654 2.610  81.6  67 121881.5 201466
26  19152 118 3.268 3.228  76.7  66 122804.5 141256
27   9434 119 3.510 2.878 109.8  69 214045.0 214518
28   2834 120 1.923 1.906 101.7  92 124026.5 181249
29  18085 128 3.211 2.814  78.8  78 136363.5 163155
30   8681 131 2.222 2.127  94.3  82 129974.0 130895
31   7092 133 3.214 2.982  79.4  74 139685.0 193170
32   4148 136 2.666 2.505  89.9  86 131163.5 131941
33    148 144 3.038 2.712  85.5  84 136350.5 153824
34   4939 150 3.019 2.882  62.5  53 123454.5 127160
35   6127 155 3.025 3.002  79.9  78 125450.0 197398
36  17743 156 2.343 2.188  94.3  88 123870.5 142020
37  12152 160 3.070 2.725 113.3  68 214038.5 221925
38   5598 163 2.813 2.421  80.8  74 129597.0 160563
39   7579 175 3.852 3.573  78.8  70 149500.0 161462
40    405 184 2.085 2.022 102.6  67 123500.0 126274
41  18905 188 3.070 2.943  72.0  53 123948.5 157662
42   4751 194 2.443 2.301  88.1  88 125450.0 126704
43  19159 196 2.301 1.899 101.9  98 146009.5 185262
44   1603 199 3.840 3.345  70.5  63 139678.5 198592
45   1631 201 2.353 2.311  83.3  69 123448.0 132644
46  16865 202 3.332 3.212  70.0  70 134244.5 134432
47   8798 204 3.744 3.275  72.3  67 151313.5 151571
48   6546 205 3.950 3.926  68.8  37 146250.0 212384
49   6351 210 2.956 2.671  51.4  51 127920.0 128129
50  15654 225 3.286 2.469  86.8  83 150741.5 151417
51  18720 226 2.689 2.481  99.6  75 146529.5 147586
52  13423 227 3.159 2.963  92.9  80 155870.0 156046
53   9763 228 3.427 2.655  90.3  90 152100.0 160883
54  12136 234 4.020 3.128  74.0  61 155928.5 171250
55   8015 236 3.529 3.356  92.2  92 136500.0 141576
56   8853 238 3.486 3.162  75.6  74 168818.0 189696
57    840 239 2.952 2.431  94.7  94 144430.0 146736
58   5421 241 2.701 2.402  75.2  73 128076.0 135685
59   6905 243 2.199 2.119  97.4  92 128700.0 129640
60   9574 248 3.306 3.274  80.7  61 214097.0 233568
61   5235 250 3.229 2.615  87.6  83 152334.0 178311
62  13386 253 3.706 3.526  65.0  59 123422.0 137617
63  15726 255 3.550 3.152  66.4  65 139581.0 140528
64   1414 258 2.721 2.450  98.8  96 147751.5 168052
65   1405 261 3.547 3.533  60.7  54 122863.0 133326
66   7149 265 2.459 2.341  91.0  52 123500.0 141538
67   3588 271 3.728 2.778  79.7  68 131547.0 139526
68  13960 276 2.893 2.750  89.9  83 146250.0 180423
69   5645 280 3.452 3.045  72.5  60 145697.5 146279
70    719 281 3.248 3.077  69.6  68 140322.0 143186
71    108 282 3.214 2.902  88.6  78 147550.0 149953
72    349 286 3.512 3.187  78.5  77 138372.0 144749
73   4494 294 3.033 3.000  68.6  68 126119.5 185762
74  18600 307 2.461 2.014 112.6 106 156000.0 158768
75  17118 311 2.534 2.369  63.9  63 145964.0 146578
76   7715 319 3.635 3.026 112.4  94 214435.0 226117
77  15907 320 3.260 2.724  82.9  72 214409.0 240345
78  18163 322 3.105 2.606  89.4  80 150774.0 169416
79   4268 327 2.868 2.219 137.2 119 213362.5 221099
80   3818 328 2.830 2.253  69.3  67 123870.5 130452
81  10222 335 3.735 2.700 130.9 103 214220.5 221736
82   3049 338 2.939 2.935  79.6  75 128700.0 131281
83   5068 341 2.545 2.434  92.9  92 125580.0 181147
84  10685 347 3.843 3.809  64.6  61 132470.0 135585
85    365 350 2.571 2.568 101.9  93 150702.5 185480
86  19309 352 2.987 2.923  87.8  87 136409.0 171665
87  15475 354 3.986 3.672  74.7  53 159009.5 159812
88   1201 358 3.187 3.145  74.0  74 145892.5 151204
89   5821 365 2.674 2.571  82.0  81 125976.5 174425
90   4760 367 3.357 3.046  77.0  77 127972.0 129630
91   7962 375 3.808 3.109  77.5  75 155252.5 189912
92  13965 378 3.104 2.897  81.1  77 147504.5 150517
93    728 379 2.202 2.061 101.9  72 122622.5 147221
94   3650 385 3.157 2.448  82.4  57 144384.5 145445
95   7279 386 3.134 3.039  79.9  73 133250.0 134260
96  12766 393 3.849 3.760 107.0  65 214792.5 215511
97   8595 394 2.658 2.333  83.5  82 145190.5 173709
98  16890 401 3.205 2.801  67.9  59 132600.0 132932
99  14298 402 3.817 3.444  68.9  52 148850.0 199232
100  8324 404 3.263 2.811  76.7  69 139724.0 146351
101  8428 413 3.166 3.010  85.5  84 136500.0 192979
102  1543 420 3.675 3.087  69.6  61 139769.5 140085
103  6308 423 4.358 2.384  63.8  58 157241.5 177886
104  2322 426 3.083 3.034  69.7  58 122206.5 155310
105 15219 435 3.322 3.131 115.4  88 213739.5 219968
106 18362 436 2.615 2.335 100.8  78 147738.5 152942
107 19362 449 1.929 1.764 110.9  87 125755.5 125771
108  6315 455 2.344 2.070  72.0  56 129096.5 204086
109   930 466 3.239 3.203  85.6  79 137637.5 137764
110 19351 468 3.162 2.347  70.2  70 125606.0 129339
111 12683 475 3.531 3.036 100.0  82 214409.0 246521
112  7575 478 2.523 2.509  92.9  71 123350.5 193534
113 11412 480 2.437 1.946  84.2  83 122915.0 126521
114  2156 486 2.087 2.047  97.0  97 121186.0 122946
115  5897 495 2.550 2.483  97.0  91 144040.0 182807
116 13225 499 3.383 2.677  58.1  58 122050.5 122166
117 17630 504 2.211 2.207  96.2  96 128368.5 138800
118 18132 516 3.660 3.342  82.2  80 140146.5 179863
119  2992 517 3.677 2.948 119.0 101 213018.0 213036
120   897 537 2.791 2.775  92.4  86 130806.0 151716
121  1287 540 2.432 2.059 102.2  90 142486.5 191561
122 18205 545 3.007 2.920  77.5  74 133198.0 154686
123 16591 551 4.051 3.643 103.2  70 214038.5 214165
124  1878 552 2.370 2.136  87.2  74 123396.0 125559
125 17982 555 2.193 2.168 106.1  70 125833.5 141609
126 10736 560 4.106 2.929  71.5  59 151560.5 168746
127 19412 562 3.419 2.789  73.0  70 148200.0 177017
128 11339 575 2.919 2.572  78.1  67 123454.5 125285
129  8992 585 2.666 2.601  86.7  84 142415.0 148314
130  7489 590 2.396 2.140  97.4  93 124683.0 178797
131  3770 591 2.457 2.428  82.5  79 124949.5 204608
132 19639 593 3.186 2.947 126.6 121 214318.0 234707
133 11421 619 2.956 2.094  57.2  54 129129.0 129182
134  9612 620 2.641 2.543 134.4 106 213850.0 214157
135 17973 622 3.647 2.679  76.5  71 141856.0 144242
136 13464 626 3.319 1.969 114.0 111 214409.0 227039
137 13923 628 2.697 2.646  78.8  68 129207.0 129810
138  8498 635 3.798 3.029  67.7  40 131748.5 133353
139 18990 637 3.651 2.929  49.7  48 132951.0 153651
140  1347 645 3.252 2.941  90.5  78 168863.5 186615
141  8625 649 3.834 3.485  57.7  53 126061.0 128944
142  3413 652 2.731 2.384  68.6  68 123500.0 171422
143  7102 653 2.687 2.684  78.1  66 125339.5 145208
144 18328 654 2.482 2.153 100.7 100 141394.5 188250
145   394 662 2.333 2.170  90.0  86 129031.5 155120
146 14933 668 3.917 2.951 108.4  75 214227.0 214724
147  2393 670 2.378 2.316  93.5  86 123688.5 185270
148  7836 678 2.649 2.372  87.4  78 129350.0 160846
149 16919 691 4.285 3.379  44.1  32 133204.5 141757
150  5692 697 2.488 2.124 110.0 102 141550.5 192393
151   132 705 2.826 2.721  84.5  84 136337.5 153234
152 18368 714 3.076 2.423  83.8  77 133204.5 149161
153 17913 715 1.959 1.949 114.0 102 123500.0 124100
154 12964 717 3.504 3.076  64.6  54 144813.5 146363
155 16923 723 4.344 3.793  87.0  54 214474.0 231988
156 17363 724 2.606 2.581 101.8  92 137566.0 146787
157   891 729 2.529 2.299  36.0  36  47203.0  77862
158 11871 735 3.859 3.682  70.2  58 139704.5 188419
159 18853 738 2.681 2.398 144.0 133 213161.0 223391
160  6422 751 3.594 2.835  81.3  77 154004.5 156147
161 14887 757 3.923 3.769  64.1  50 144300.0 170688
162  2716 762 3.233 2.842  79.8  72 140335.0 203168
163  4768 765 2.387 2.094  64.8  59 127315.5 138326
164 10260 769 3.483 2.206  62.7  53 132899.0 145881
165   520 782 2.767 2.754  88.4  83 137559.5 141713
166  4908 788 3.383 2.804  64.4  59 122824.0 200654
167 10302 794 3.839 3.352 102.5  74 213063.5 213968
168 12180 795 3.461 3.159 108.0  64 214214.0 227355
169 18797 802 3.160 2.943  82.9  78 133133.0 137830
170  7267 811 3.501 2.522  63.0  62 122778.5 124417
171 19248 816 2.867 2.182  89.0  83 148024.5 148453
172 17709 825 3.150 2.856  57.8  47 128037.0 208177
173  9333 829 3.392 3.348  78.1  74 147368.0 191455
174 10977 830 3.107 2.766  82.5  80 145983.5 172345
175 14829 842 3.687 3.295  62.9  54 146627.0 147158
176  5565 843 2.485 2.391  89.4  84 129012.0 132664
177 10871 845 2.228 2.228 103.1 102 129259.0 188909
178  7376 846 2.425 2.380  88.4  84 124735.0 179070
179  5795 855 3.324 2.288  71.2  65 122804.5 127021
180  9790 856 3.755 3.521  59.0  46 121959.5 129630
181   411 857 2.476 2.158 120.2 117 164086.0 194112
182  4557 859 3.115 2.522  82.6  81 136454.5 148076
183  6435 863 3.713 2.322  69.4  61 125391.5 191678
184  6900 869 3.491 3.319  63.0  62 149500.0 150443
185  8360 870 3.675 3.021  81.6  78 155213.5 158879
186  8758 872 3.291 2.882  69.4  53 122427.5 180046
187  7694 876 2.109 1.968 106.7  90 146250.0 189405
188  2918 884 2.667 2.627  95.3  68 146250.0 156540
189 16663 886 4.182 3.981  86.5  82 217691.5 218255
190  8340 888 2.518 2.448  92.8  77 123974.5 130542
191 17778 889 2.110 1.374 124.5  83 153959.0 156036
192 11393 890 3.598 3.009  61.3  56 122700.5 143999
193  6400 915 2.912 2.617  67.7  65 125450.0 192404
194  6971 917 2.066 2.010 103.5  77 124943.0 156514
195  7144 925 3.597 2.990 109.0 106 214454.5 237779
196  3507 931 2.910 2.738  89.0  84 136207.5 140473
197  9067 933 2.562 2.515  78.0  64 123435.0 143778
198  7669 936 4.356 2.851  54.8  45 131111.5 134196
199 15613 940 2.868 2.805  79.7  79 123376.5 154639
200  6930 945 3.785 3.171  83.2  76 151976.5 188656
201  8302 949 3.498 3.442  76.6  73 144631.5 149301
202  9158 950 3.894 3.848  77.4  74 151554.0 161927
203  9258 952 3.878 2.702 101.5  85 214240.0 220557
204  4037 957 2.955 2.900  79.3  78 128752.0 174981
205 17450 958 2.870 2.854  89.4  81 144209.0 147081
206 11298 965 3.216 3.127  86.7  78 152100.0 181826
207 13246 967 2.695 2.679  90.1  90 156403.0 163473
208   355 968 3.001 2.744  78.9  78 136500.0 167747
209  2116 970 2.407 2.389  85.2  71 146250.0 159062
210 18817 971 3.184 3.138  85.2  84 136409.0 138166
211  5595 972 2.621 2.589  75.1  74 122707.0 136880
212  4877 973 2.197 2.083 105.7  66 153237.5 155582
213 17624 975 2.334 2.249 102.0 102 129304.5 143795
214  6395 981 3.982 3.645  69.4  68 123649.5 135765
215  9803 986 3.515 3.242  55.5  48 123409.0 157337
216  5813 993 3.446 3.393  79.6  60 142272.0 159465
217  8530 997 3.933 3.904 106.9  82 213050.5 214339
