"x"
98062.9
98016.1
97935.5
97728.8
97659.9
97623.5
97552
97515.6
97500
97449.3
97402.5
97323.2
97280.3
97158.1
97078.8
96842.2
96643.3
96521.1
96512
96508.1
96457.4
96444.4
96401.5
96363.8
96309.2
96291
96239
96202.6
96200
96177.9
96153.2
96086.9
96064.8
96054.4
96020.6
95962.1
95929.6
95882.8
95856.8
95839.9
95754.1
95725.5
95698.2
95682.6
95659.2
95553.9
95522.7
95439.5
95414.8
95111.9
95076.8
95019.6
94900
94884.4
94796
94792.1
94768.7
94695.9
94556.8
94439.8
94416.4
94315
94255.2
94162.9
94086.2
94061.5
93943.2
93925
93897.7
93856.1
93779.4
93680.6
93629.9
93600
93563.6
93457
93411.5
93341.3
93271.1
93081.3
92995.5
92950
92911
92839.5
92836.9
92777.1
92652.3
92634.1
92614.6
92604.2
92545.7
92409.2
92367.6
92323.4
92192.1
92082.9
92053
91971.1
91734.5
91687.7
