"x"
242
188
193
234
173
663
310
270
377
294
473
299
286
227
273
322
485
262
204
225
448
350
181
674
309
680
361
196
200
396
312
431
496
222
224
686
323
257
822
615
441
339
400
771
334
206
374
228
463
190
343
609
512
260
326
201
346
306
645
349
415
468
543
385
412
384
373
325
168
328
219
416
169
290
345
330
944
253
382
221
459
292
239
479
317
251
287
213
184
237
274
602
295
238
230
240
465
555
461
703
279
233
176
272
357
291
324
161
366
380
311
513
657
564
390
531
175
500
268
546
329
199
121
304
183
289
975
392
442
444
661
303
283
248
220
247
683
355
498
399
379
650
258
348
378
428
305
368
207
453
319
525
182
539
249
687
145
699
214
244
243
921
250
266
217
489
235
474
656
490
197
164
372
353
318
365
747
579
558
335
450
314
278
740
195
271
344
158
553
297
606
336
604
229
282
246
254
563
574
659
327
522
414
352
446
177
425
475
277
951
623
514
342
218
332
245
211
375
632
293
577
381
362
300
156
226
370
493
205
284
359
573
179
482
148
421
405
457
170
433
341
432
852
167
301
532
180
189
340
315
149
685
367
464
477
160
212
133
376
628
591
458
209
589
174
172
637
333
364
231
420
351
154
391
261
526
288
559
585
584
582
358
298
252
715
560
394
467
466
644
369
255
398
285
388
544
259
275
460
789
265
331
395
519
562
115
208
717
743
269
136
597
552
313
402
860
202
171
744
773
338
363
185
438
215
649
263
484
572
593
404
537
856
296
455
143
302
223
123
714
449
540
307
517
486
580
192
194
722
430
841
561
538
281
454
216
445
337
469
826
605
232
203
119
308
383
153
754
481
556
210
776
898
891
695
871
819
316
427
186
521
878
658
429
187
678
706
503
894
487
654
320
570
276
264
94
700
452
869
166
590
608
409
397
835
426
401
655
419
356
435
447
516
280
587
501
440
548
896
635
550
480
483
410
626
354
472
142
692
387
436
510
766
371
581
557
569
923
439
643
505
152
417
653
724
718
541
533
834
735
236
499
128
679
178
506
554
742
739
162
406
389
418
256
902
403
534
443
547
347
551
592
639
360
862
456
859
422
408
565
471
665
600
765
507
321
622
529
610
549
697
830
617
494
150
163
873
536
241
524
594
575
535
147
607
662
542
267
629
502
599
434
884
877
515
478
451
647
146
413
619
842
734
924
624
815
497
586
616
751
664
696
191
636
738
386
621
816
731
633
518
730
947
411
820
495
750
578
620
710
790
676
504
906
829
393
491
690
476
407
423
583
666
702
704
520
528
198
595
598
727
124
925
707
462
511
596
668
805
567
640
675
614
130
601
957
976
777
568
159
545
857
117
651
667
817
470
870
876
934
492
711
641
708
759
671
725
165
642
613
437
488
879
832
880
588
527
823
782
669
681
603
672
793
772
694
631
865
874
509
712
748
845
964
618
836
523
863
693
630
749
705
576
977
837
838
752
768
677
769
831
127
673
753
781
849
858
802
855
762
840
424
887
634
806
760
638
733
885
141
566
660
861
775
508
904
670
854
897
728
965
959
920
612
98
682
755
811
611
698
936
713
905
917
825
847
691
844
684
828
867
719
726
821
770
571
786
813
866
824
910
756
746
783
732
903
729
827
780
798
627
720
763
955
864
737
721
648
155
800
767
963
701
807
933
888
791
814
778
792
954
913
530
709
788
899
926
974
688
886
736
689
745
939
774
809
843
958
941
881
716
625
646
848
741
908
810
757
764
868
779
808
851
882
948
797
889
890
785
892
796
909
960
784
652
812
883
799
900
90
106
949
931
853
801
928
929
981
893
761
973
946
966
943
927
962
787
961
875
922
723
930
839
758
938
818
979
850
972
872
803
937
980
915
968
950
971
956
907
895
846
100
139
794
151
804
911
914
134
108
118
157
126
935
132
131
942
