# set P := {1..16};
set P := 1 2 3 4 5 6 7 8 9 10 11 12 13 14 15 16;
set M := mill1 mill2 mill3 mill4;

param : PM :  cost :    mill1   mill2   mill3   mill4 := 
		            1   90	    75	    70	    63
		            2   80	    70	    65	    60
		            3   104	    85	    83	    77
		            4   98	    79	    80	    74
		            5   123	    101	    110	    99
		            6   113	    94	    100	    84
		            7   .	    160	    156	    140
		            8   .	    142	    150	    130		
		            9   140	    110	    .	    122
		            10  124	    96	    .	    101
		            11  160	    133	    .	    138
		            12  143	    127	    .	    133
		            13  202	    150	    .	    160
		            14  190	    141	    .	    140
		            15  .	    190	    .	    220
		            16  .	    175	    .	    200
		            ;

param   hours   :       mill1   mill2   mill3   mill4 :=
                1       0.8 	0.7	    0.5	    0.6
                2       0.8 	0.7	    0.5	    0.6
                3       0.8 	0.7	    0.5	    0.6
                4       0.8 	0.7	    0.5	    0.6
                5       0.8 	0.7	    0.5	    0.6
                6       0.8 	0.7	    0.5	    0.6
                7       .       0.9	    0.5	    0.6
                8       .	    0.9	    0.5	    0.6
                9       1.5 	0.9	    .	    1.2
                10      1.5 	0.9	    .	    1.2
                11      1.5 	0.9	    .	    1.2
                12      1.5 	0.9	    .	    1.2
                13      1.5 	0.9	    .	    1.2
                14      1.5 	0.9	    .	    1.2
                15      .	    1	    .	    1.5
                16      .	    1	    .	    1.5
                ;

param demand :=
        1   100
        2   630
        3   500
        4   980
        5   720
        6   240
        7   75
        8   22
        9   50
        10  22
        11  353
        12  55
        13  125
        14  35
        15  100
        16  10
        ;   

param capacity :=
        mill1    800
        mill2    480
        mill3    1200
        mill4    960
        ;