	924	925	934	936	952	953	957	958	962	967	968	970	973	986	997	
7	0	0	0	0	0	0	0	0	0	0	0	0	1	0	0
8	0	0	0	0	0	0	0	0	0	0	0	0	1	0	0
17	0	0	0	0	0	0	0	0	0	0	1	0	0	0	0
39	0	0	0	0	0	0	0	0	0	0	0	0	0	1	0
101		0	0	0	0	0	0	0	0	0	0	0	0	1	0	0
115		0	1	0	0	0	0	0	0	0	0	0	0	0	0	0
153		0	0	0	0	0	0	0	0	0	0	0	0	1	0	0
433		0	0	0	0	0	0	0	0	0	0	0	0	1	0	0
640		0	0	0	0	0	0	0	0	0	0	0	0	0	0	1
712		0	0	0	0	0	1	0	0	0	0	0	0	0	0	0
1112	0	0	0	0	0	1	0	0	0	0	0	0	0	0	0
1185	0	0	1	0	0	0	0	0	0	0	0	0	0	0	0
1348	0	0	0	0	0	1	0	0	0	0	0	0	0	0	0
1574	0	0	0	0	0	0	0	0	0	0	0	0	1	0	0
1584	0	0	1	0	0	0	0	0	0	0	0	0	0	0	0
1655	0	0	0	0	0	0	0	0	0	0	0	0	1	0	0
1782	0	0	0	0	0	0	0	0	0	1	0	0	0	0	0
2102	0	0	0	0	0	0	0	0	0	1	0	0	0	0	0
2138	0	0	1	0	0	0	0	0	0	0	0	0	0	0	0
2347	1	0	0	0	0	0	0	0	0	0	0	0	0	0	0
2355	1	0	0	0	0	0	0	0	0	0	0	0	0	0	0
2396	0	0	0	0	0	0	0	0	0	0	0	1	0	0	0
2635	0	0	0	0	0	0	0	0	0	0	0	1	0	0	0
2676	0	0	0	0	0	1	0	0	0	0	0	0	0	0	0
2801	0	0	0	0	0	0	0	0	1	0	0	0	0	0	0
2854	0	0	0	0	0	0	0	0	0	0	0	0	1	0	0
3115	0	0	1	0	0	0	0	0	0	0	0	0	0	0	0
3929	0	0	0	0	1	0	0	0	0	0	0	0	0	0	0
4157	0	0	0	0	1	0	0	0	0	0	0	0	0	0	0
4579	0	0	1	0	0	0	0	0	0	0	0	0	0	0	0
4671	0	0	0	0	0	0	0	1	0	0	0	0	0	0	0
5797	0	0	0	0	0	0	0	0	0	0	0	0	1	0	0
6032	0	0	0	0	0	0	0	0	0	0	0	0	1	0	0
6564	0	0	1	0	0	0	0	0	0	0	0	0	0	0	0
6988	0	0	0	0	0	0	1	0	0	0	0	0	0	0	0
7881	0	0	0	0	0	0	0	0	0	0	0	0	1	0	0
8358	0	0	0	0	1	0	0	0	0	0	0	0	0	0	0
8409	0	1	0	0	0	0	0	0	0	0	0	0	0	0	0
9156	1	0	0	0	0	0	0	0	0	0	0	0	0	0	0
9905	0	0	1	0	0	0	0	0	0	0	0	0	0	0	0
9988	0	0	0	0	0	0	1	0	0	0	0	0	0	0	0
10285	0	0	1	0	0	0	0	0	0	0	0	0	0	0	0
10364	0	0	0	0	0	0	1	0	0	0	0	0	0	0	0
14019	0	0	1	0	0	0	0	0	0	0	0	0	0	0	0
14174	1	0	0	0	0	0	0	0	0	0	0	0	0	0	0
14491	0	0	1	0	0	0	0	0	0	0	0	0	0	0	0
17352	0	0	0	1	0	0	0	0	0	0	0	0	0	0	0
